0 0.595703125 0.6328125 0.0234375 0.028645833333333332
0 0.11865234375 0.4772135416666667 0.0263671875 0.029947916666666668
0 0.46923828125 0.857421875 0.0244140625 0.029947916666666668
0 0.109375 0.51171875 0.02734375 0.033854166666666664
0 0.18212890625 0.4563802083333333 0.0244140625 0.032552083333333336
0 0.60693359375 0.4908854166666667 0.0224609375 0.028645833333333332
0 0.5029296875 0.5625 0.02734375 0.033854166666666664
0 0.447265625 0.861328125 0.0234375 0.029947916666666668
0 0.42822265625 0.8951822916666666 0.0283203125 0.03515625
0 0.099609375 0.4388020833333333 0.025390625 0.036458333333333336
