0 0.88232421875 0.15950520833333334 0.0205078125 0.02734375
0 0.9208984375 0.080078125 0.021484375 0.02734375
0 0.9404296875 0.080078125 0.0234375 0.029947916666666668
0 0.86328125 0.23958333333333334 0.025390625 0.03125
0 0.8603515625 0.16145833333333334 0.021484375 0.03125
0 0.9072265625 0.173828125 0.025390625 0.032552083333333336
0 0.87353515625 0.09830729166666667 0.0244140625 0.032552083333333336
0 0.845703125 0.2643229166666667 0.02734375 0.033854166666666664
0 0.7509765625 0.232421875 0.033203125 0.04296875
0 0.76806640625 0.3391927083333333 0.0302734375 0.040364583333333336
0 0.92431640625 0.11848958333333333 0.0263671875 0.033854166666666664
0 0.37939453125 0.7727864583333334 0.0361328125 0.045572916666666664
0 0.13916015625 0.7265625 0.0244140625 0.033854166666666664
0 0.89990234375 0.154296875 0.0205078125 0.02734375
0 0.88232421875 0.220703125 0.0244140625 0.029947916666666668
0 0.9248046875 0.05859375 0.01953125 0.0234375
0 0.9482421875 0.055338541666666664 0.021484375 0.029947916666666668
0 0.79150390625 0.9088541666666666 0.0283203125 0.033854166666666664
0 0.95703125 0.018229166666666668 0.02734375 0.036458333333333336
0 0.9111328125 0.109375 0.017578125 0.0234375
0 0.88818359375 0.11393229166666667 0.0205078125 0.02734375
0 0.87451171875 0.18229166666666666 0.0244140625 0.03125
0 0.79345703125 0.72265625 0.0263671875 0.033854166666666664
