0 0.81884765625 0.17317708333333334 0.0244140625 0.028645833333333332
0 0.87109375 0.06510416666666667 0.01953125 0.028645833333333332
0 0.8798828125 0.08203125 0.025390625 0.033854166666666664
0 0.84521484375 0.09440104166666667 0.0263671875 0.029947916666666668
0 0.85498046875 0.12955729166666666 0.0224609375 0.02734375
0 0.74169921875 0.24674479166666666 0.0283203125 0.037760416666666664
0 0.89794921875 0.028645833333333332 0.0263671875 0.03125
0 0.7646484375 0.8177083333333334 0.02734375 0.033854166666666664
0 0.857421875 0.06901041666666667 0.021484375 0.028645833333333332
0 0.724609375 0.14127604166666666 0.03125 0.04296875
0 0.83642578125 0.1484375 0.0224609375 0.028645833333333332
0 0.833984375 0.06966145833333333 0.021484375 0.029947916666666668
0 0.85693359375 0.026041666666666668 0.0205078125 0.0234375
0 0.8466796875 0.012369791666666666 0.021484375 0.022135416666666668
0 0.35205078125 0.6809895833333334 0.0341796875 0.044270833333333336
0 0.2138671875 0.8880208333333334 0.03515625 0.044270833333333336
0 0.111328125 0.6334635416666666 0.021484375 0.029947916666666668
0 0.8837890625 0.0234375 0.01953125 0.028645833333333332
0 0.3359375 0.97265625 0.03125 0.0390625
0 0.3125 0.7994791666666666 0.015625 0.020833333333333332
0 0.99365234375 0.9674479166666666 0.0107421875 0.03125
0 0.8740234375 0.06966145833333333 0.021484375 0.02734375
0 0.88623046875 0.020833333333333332 0.0224609375 0.033854166666666664
0 0.888671875 0.0234375 0.01953125 0.033854166666666664
