0 0.728515625 0.884765625 0.02734375 0.03515625
0 0.9521484375 0.453125 0.03125 0.0390625
0 0.0263671875 0.6321614583333334 0.029296875 0.037760416666666664
0 0.951171875 0.271484375 0.03515625 0.045572916666666664
0 0.51318359375 0.751953125 0.0283203125 0.03515625
0 0.9375 0.7578125 0.029296875 0.0390625
0 0.40576171875 0.51953125 0.0283203125 0.036458333333333336
0 0.5234375 0.6080729166666666 0.02734375 0.036458333333333336
0 0.6787109375 0.9381510416666666 0.02734375 0.03515625
0 0.546875 0.3059895833333333 0.03125 0.0390625
