0 0.06298828125 0.9186197916666666 0.0283203125 0.03515625
0 0.138671875 0.8515625 0.025390625 0.033854166666666664
0 0.73486328125 0.7975260416666666 0.0283203125 0.03515625
0 0.41259765625 0.6263020833333334 0.0224609375 0.028645833333333332
0 0.5263671875 0.40234375 0.02734375 0.033854166666666664
0 0.6318359375 0.7239583333333334 0.02734375 0.033854166666666664
0 0.23681640625 0.7200520833333334 0.0185546875 0.026041666666666668
0 0.38671875 0.064453125 0.025390625 0.032552083333333336
0 0.52490234375 0.94921875 0.0283203125 0.033854166666666664
0 0.06982421875 0.5989583333333334 0.0283203125 0.033854166666666664
0 0.2646484375 0.8717447916666666 0.02734375 0.032552083333333336
0 0.22265625 0.7044270833333334 0.029296875 0.036458333333333336
0 0.54345703125 0.5748697916666666 0.0244140625 0.03515625
0 0.18505859375 0.82421875 0.0224609375 0.028645833333333332
0 0.39453125 0.669921875 0.02734375 0.029947916666666668
0 0.4853515625 0.453125 0.01953125 0.028645833333333332
0 0.57275390625 0.13541666666666666 0.0283203125 0.036458333333333336
0 0.314453125 0.7805989583333334 0.021484375 0.032552083333333336
