0 0.787109375 0.6276041666666666 0.029296875 0.036458333333333336
0 0.43603515625 0.5748697916666666 0.0283203125 0.037760416666666664
0 0.75 0.341796875 0.02734375 0.03515625
0 0.62939453125 0.7630208333333334 0.0263671875 0.033854166666666664
0 0.1298828125 0.4381510416666667 0.029296875 0.040364583333333336
0 0.28564453125 0.23567708333333334 0.0283203125 0.036458333333333336
0 0.04931640625 0.061848958333333336 0.0302734375 0.037760416666666664
0 0.1875 0.244140625 0.02734375 0.032552083333333336
0 0.29052734375 0.7096354166666666 0.0283203125 0.033854166666666664
0 0.95703125 0.3372395833333333 0.03125 0.041666666666666664
0 0.08203125 0.26953125 0.025390625 0.033854166666666664
0 0.97607421875 0.169921875 0.0322265625 0.055989583333333336
