0 0.140625 0.392578125 0.046875 0.05859375
0 0.912109375 0.7467447916666666 0.029296875 0.03515625
0 0.82763671875 0.3684895833333333 0.0302734375 0.036458333333333336
0 0.40771484375 0.462890625 0.0283203125 0.037760416666666664
0 0.96484375 0.341796875 0.02734375 0.032552083333333336
0 0.78759765625 0.4609375 0.0380859375 0.033854166666666664
0 0.4208984375 0.5045572916666666 0.029296875 0.037760416666666664
0 0.57177734375 0.4296875 0.0283203125 0.0390625
0 0.4384765625 0.3893229166666667 0.037109375 0.052083333333333336
0 0.49853515625 0.4055989583333333 0.0302734375 0.05078125
0 0.79052734375 0.4889322916666667 0.0380859375 0.040364583333333336
0 0.93212890625 0.3502604166666667 0.0419921875 0.052083333333333336
