0 0.7568359375 0.042317708333333336 0.021484375 0.029947916666666668
0 0.74072265625 0.14518229166666666 0.0205078125 0.02734375
0 0.66357421875 0.22200520833333334 0.0263671875 0.03515625
0 0.6484375 0.11458333333333333 0.02734375 0.036458333333333336
0 0.27587890625 0.6516927083333334 0.0263671875 0.032552083333333336
0 0.76708984375 0.06575520833333333 0.0244140625 0.02734375
0 0.802734375 0.055338541666666664 0.025390625 0.032552083333333336
0 0.68701171875 0.7858072916666666 0.0322265625 0.037760416666666664
0 0.779296875 0.1015625 0.01953125 0.026041666666666668
0 0.75830078125 0.119140625 0.0205078125 0.024739583333333332
0 0.79541015625 0.036458333333333336 0.0224609375 0.026041666666666668
0 0.779296875 0.05078125 0.021484375 0.033854166666666664
0 0.03662109375 0.6048177083333334 0.0283203125 0.037760416666666664
0 0.92578125 0.9388020833333334 0.0390625 0.046875
