0 0.8857421875 0.3990885416666667 0.02734375 0.03515625
0 0.263671875 0.49609375 0.029296875 0.0390625
0 0.9228515625 0.6868489583333334 0.029296875 0.037760416666666664
0 0.5693359375 0.6341145833333334 0.03125 0.041666666666666664
0 0.763671875 0.8235677083333334 0.029296875 0.040364583333333336
0 0.42041015625 0.2936197916666667 0.0244140625 0.032552083333333336
0 0.42578125 0.7662760416666666 0.025390625 0.029947916666666668
0 0.8623046875 0.59765625 0.01953125 0.026041666666666668
0 0.3203125 0.3020833333333333 0.0234375 0.028645833333333332
0 0.1826171875 0.11979166666666667 0.03125 0.0390625
0 0.873046875 0.2506510416666667 0.015625 0.022135416666666668
0 0.21533203125 0.3274739583333333 0.0224609375 0.029947916666666668
0 0.8583984375 0.6451822916666666 0.01953125 0.022135416666666668
