0 0.365234375 0.90234375 0.02734375 0.033854166666666664
0 0.662109375 0.5358072916666666 0.02734375 0.032552083333333336
0 0.73388671875 0.4811197916666667 0.0244140625 0.029947916666666668
0 0.26318359375 0.830078125 0.0283203125 0.03515625
0 0.0419921875 0.73046875 0.0234375 0.03125
0 0.65185546875 0.46484375 0.0244140625 0.03125
0 0.15673828125 0.5071614583333334 0.0283203125 0.03515625
0 0.1728515625 0.6803385416666666 0.0234375 0.03515625
0 0.02587890625 0.775390625 0.0263671875 0.032552083333333336
0 0.20361328125 0.23893229166666666 0.0283203125 0.03515625
0 0.1982421875 0.18880208333333334 0.02734375 0.033854166666666664
