0 0.93310546875 0.09244791666666667 0.0244140625 0.03125
0 0.837890625 0.19401041666666666 0.03125 0.044270833333333336
0 0.9423828125 0.037760416666666664 0.02734375 0.03125
0 0.93212890625 0.014973958333333334 0.0224609375 0.029947916666666668
0 0.91455078125 0.11848958333333333 0.0263671875 0.033854166666666664
0 0.95166015625 0.07421875 0.0244140625 0.028645833333333332
0 0.86181640625 0.763671875 0.0283203125 0.032552083333333336
0 0.82177734375 0.08528645833333333 0.0341796875 0.045572916666666664
0 0.859375 0.5748697916666666 0.0234375 0.029947916666666668
0 0.9716796875 0.014973958333333334 0.025390625 0.02734375
