0 0.51025390625 0.2819010416666667 0.0263671875 0.032552083333333336
0 0.33837890625 0.8684895833333334 0.0283203125 0.033854166666666664
0 0.5869140625 0.17838541666666666 0.021484375 0.03125
0 0.36083984375 0.609375 0.0263671875 0.028645833333333332
0 0.32861328125 0.3333333333333333 0.0244140625 0.028645833333333332
0 0.6435546875 0.3912760416666667 0.029296875 0.03515625
0 0.97509765625 0.6302083333333334 0.0302734375 0.036458333333333336
0 0.16650390625 0.90625 0.0322265625 0.041666666666666664
0 0.3544921875 0.08854166666666667 0.037109375 0.046875
0 0.337890625 0.20638020833333334 0.029296875 0.037760416666666664
0 0.17919921875 0.9192708333333334 0.0205078125 0.03125
0 0.017578125 0.7975260416666666 0.01953125 0.032552083333333336
0 0.93798828125 0.98828125 0.0244140625 0.020833333333333332
