0 0.4990234375 0.232421875 0.0234375 0.02734375
0 0.82763671875 0.619140625 0.0283203125 0.037760416666666664
0 0.56201171875 0.21223958333333334 0.0224609375 0.028645833333333332
0 0.80810546875 0.6484375 0.0283203125 0.033854166666666664
0 0.48876953125 0.267578125 0.0244140625 0.029947916666666668
0 0.19287109375 0.6334635416666666 0.0263671875 0.032552083333333336
0 0.15771484375 0.7200520833333334 0.0224609375 0.03125
0 0.47998046875 0.1953125 0.0244140625 0.03125
0 0.08935546875 0.5611979166666666 0.0283203125 0.036458333333333336
0 0.88427734375 0.3177083333333333 0.0263671875 0.033854166666666664
0 0.84912109375 0.61328125 0.0283203125 0.033854166666666664
0 0.8671875 0.8131510416666666 0.03125 0.03515625
