0 0.0537109375 0.162109375 0.021484375 0.03515625
0 0.1025390625 0.14192708333333334 0.025390625 0.036458333333333336
0 0.09765625 0.21940104166666666 0.025390625 0.029947916666666668
0 0.4580078125 0.5013020833333334 0.025390625 0.028645833333333332
0 0.25732421875 0.5748697916666666 0.0263671875 0.029947916666666668
0 0.17431640625 0.3430989583333333 0.0224609375 0.032552083333333336
0 0.056640625 0.6223958333333334 0.0234375 0.028645833333333332
0 0.02294921875 0.7057291666666666 0.0283203125 0.036458333333333336
0 0.02783203125 0.7233072916666666 0.0302734375 0.032552083333333336
0 0.0205078125 0.74609375 0.0234375 0.033854166666666664
0 0.01904296875 0.9420572916666666 0.0224609375 0.02734375
0 0.22265625 0.8763020833333334 0.029296875 0.0390625
0 0.23876953125 0.865234375 0.0263671875 0.02734375
0 0.2373046875 0.7975260416666666 0.0234375 0.040364583333333336
0 0.263671875 0.6692708333333334 0.0234375 0.033854166666666664
0 0.3095703125 0.9095052083333334 0.02734375 0.037760416666666664
0 0.34228515625 0.91796875 0.0341796875 0.033854166666666664
0 0.11865234375 0.2727864583333333 0.0244140625 0.029947916666666668
0 0.09521484375 0.873046875 0.0283203125 0.032552083333333336
0 0.091796875 0.24739583333333334 0.021484375 0.026041666666666668
0 0.11669921875 0.4947916666666667 0.0224609375 0.026041666666666668
0 0.0556640625 0.880859375 0.02734375 0.032552083333333336
0 0.1943359375 0.8548177083333334 0.025390625 0.029947916666666668
0 0.35009765625 0.880859375 0.0302734375 0.040364583333333336
0 0.12744140625 0.3216145833333333 0.0224609375 0.026041666666666668
0 0.328125 0.8151041666666666 0.025390625 0.03125
0 0.283203125 0.654296875 0.0234375 0.032552083333333336
0 0.2587890625 0.8020833333333334 0.025390625 0.03125
0 0.36669921875 0.8138020833333334 0.0283203125 0.03125
0 0.07568359375 0.6927083333333334 0.0244140625 0.03125
0 0.0751953125 0.6569010416666666 0.02734375 0.02734375
0 0.1162109375 0.5279947916666666 0.021484375 0.024739583333333332
0 0.283203125 0.869140625 0.0390625 0.045572916666666664
0 0.26416015625 0.736328125 0.0224609375 0.029947916666666668
0 0.03955078125 0.8040364583333334 0.0244140625 0.02734375
0 0.52099609375 0.6666666666666666 0.0244140625 0.028645833333333332
0 0.03564453125 0.6321614583333334 0.0205078125 0.024739583333333332
0 0.07470703125 0.6106770833333334 0.0224609375 0.0234375
0 0.44873046875 0.9244791666666666 0.0302734375 0.036458333333333336
0 0.029296875 0.5045572916666666 0.017578125 0.029947916666666668
0 0.087890625 0.3359375 0.021484375 0.028645833333333332
0 0.04150390625 0.3893229166666667 0.0205078125 0.0234375
0 0.07275390625 0.8411458333333334 0.0244140625 0.03125
0 0.1953125 0.7513020833333334 0.029296875 0.033854166666666664
0 0.1357421875 0.853515625 0.029296875 0.03515625
0 0.09033203125 0.6875 0.0224609375 0.026041666666666668
0 0.0224609375 0.6028645833333334 0.0234375 0.028645833333333332
0 0.013671875 0.23958333333333334 0.017578125 0.0390625
0 0.052734375 0.2779947916666667 0.025390625 0.040364583333333336
0 0.07568359375 0.27734375 0.0283203125 0.028645833333333332
0 0.0927734375 0.2936197916666667 0.02734375 0.02734375
0 0.06689453125 0.3046875 0.0244140625 0.03125
0 0.0224609375 0.56640625 0.02734375 0.03125
0 0.0693359375 0.5813802083333334 0.029296875 0.037760416666666664
0 0.03173828125 0.673828125 0.0283203125 0.02734375
0 0.3662109375 0.640625 0.021484375 0.033854166666666664
0 0.5888671875 0.421875 0.02734375 0.03125
