0 0.19189453125 0.7903645833333334 0.0263671875 0.0390625
0 0.09228515625 0.7454427083333334 0.0302734375 0.03515625
0 0.08349609375 0.783203125 0.0224609375 0.02734375
0 0.0537109375 0.7747395833333334 0.025390625 0.028645833333333332
0 0.1083984375 0.6764322916666666 0.025390625 0.032552083333333336
0 0.2998046875 0.5579427083333334 0.025390625 0.03515625
0 0.26513671875 0.5299479166666666 0.0302734375 0.033854166666666664
0 0.07080078125 0.6790364583333334 0.0244140625 0.029947916666666668
0 0.73291015625 0.109375 0.0224609375 0.03125
0 0.201171875 0.3645833333333333 0.025390625 0.028645833333333332
0 0.3291015625 0.904296875 0.025390625 0.032552083333333336
0 0.494140625 0.6861979166666666 0.0234375 0.028645833333333332
0 0.3310546875 0.279296875 0.02734375 0.032552083333333336
0 0.27001953125 0.8111979166666666 0.0263671875 0.0234375
0 0.0234375 0.521484375 0.02734375 0.04296875
0 0.11083984375 0.5026041666666666 0.0263671875 0.036458333333333336
0 0.77490234375 0.20052083333333334 0.0263671875 0.0390625
0 0.03125 0.73828125 0.0234375 0.033854166666666664
