0 0.88037109375 0.16145833333333334 0.0205078125 0.026041666666666668
0 0.92041015625 0.080078125 0.0224609375 0.029947916666666668
0 0.90625 0.17447916666666666 0.025390625 0.033854166666666664
0 0.8603515625 0.16080729166666666 0.021484375 0.029947916666666668
0 0.87109375 0.18684895833333334 0.025390625 0.029947916666666668
0 0.86328125 0.23893229166666666 0.025390625 0.029947916666666668
0 0.93994140625 0.080078125 0.0244140625 0.029947916666666668
0 0.87255859375 0.09895833333333333 0.0244140625 0.033854166666666664
0 0.75048828125 0.23372395833333334 0.0322265625 0.04296875
0 0.7666015625 0.3385416666666667 0.029296875 0.0390625
0 0.884765625 0.11783854166666667 0.021484375 0.02734375
0 0.84423828125 0.2649739583333333 0.0263671875 0.032552083333333336
0 0.3779296875 0.7740885416666666 0.03515625 0.045572916666666664
0 0.9248046875 0.11848958333333333 0.025390625 0.03125
0 0.1376953125 0.7272135416666666 0.0234375 0.032552083333333336
0 0.91162109375 0.11067708333333333 0.0185546875 0.026041666666666668
0 0.89794921875 0.154296875 0.0205078125 0.02734375
0 0.880859375 0.22135416666666666 0.0234375 0.028645833333333332
0 0.9091796875 0.11588541666666667 0.01953125 0.026041666666666668
0 0.92431640625 0.059895833333333336 0.0205078125 0.026041666666666668
0 0.79052734375 0.908203125 0.0283203125 0.032552083333333336
0 0.9462890625 0.057291666666666664 0.0234375 0.03125
0 0.9560546875 0.020182291666666668 0.029296875 0.040364583333333336
0 0.93896484375 0.080078125 0.0302734375 0.03515625
0 0.78955078125 0.724609375 0.0283203125 0.040364583333333336
0 0.8759765625 0.16927083333333334 0.0234375 0.028645833333333332
0 0.943359375 0.033854166666666664 0.021484375 0.026041666666666668
0 0.63525390625 0.3274739583333333 0.0205078125 0.022135416666666668
0 0.91845703125 0.11328125 0.0244140625 0.028645833333333332
0 0.23974609375 0.974609375 0.0341796875 0.03515625
