0 0.408203125 0.12955729166666666 0.01953125 0.02734375
0 0.43310546875 0.091796875 0.0244140625 0.02734375
0 0.4306640625 0.052734375 0.017578125 0.024739583333333332
0 0.392578125 0.1328125 0.01953125 0.026041666666666668
0 0.37353515625 0.21158854166666666 0.0205078125 0.02734375
0 0.38134765625 0.158203125 0.0244140625 0.02734375
0 0.39013671875 0.193359375 0.0205078125 0.024739583333333332
0 0.3544921875 0.23763020833333334 0.021484375 0.02734375
0 0.3701171875 0.13346354166666666 0.01953125 0.02734375
0 0.39453125 0.08984375 0.01953125 0.0234375
0 0.2783203125 0.310546875 0.025390625 0.03515625
0 0.26025390625 0.20572916666666666 0.0283203125 0.036458333333333336
0 0.30126953125 0.880859375 0.0283203125 0.03515625
0 0.41650390625 0.14713541666666666 0.0244140625 0.03125
0 0.3837890625 0.0703125 0.0234375 0.03125
0 0.96044921875 0.07096354166666667 0.0322265625 0.040364583333333336
0 0.45751953125 0.029296875 0.0224609375 0.02734375
0 0.42138671875 0.087890625 0.0146484375 0.024739583333333332
0 0.4560546875 0.009765625 0.0234375 0.016927083333333332
0 0.4326171875 0.049479166666666664 0.01953125 0.0234375
0 0.43408203125 0.031901041666666664 0.0185546875 0.024739583333333332
0 0.42333984375 0.08463541666666667 0.0166015625 0.028645833333333332
0 0.44921875 0.045572916666666664 0.021484375 0.018229166666666668
