0 0.53759765625 0.3001302083333333 0.0263671875 0.032552083333333336
0 0.07373046875 0.8157552083333334 0.0244140625 0.032552083333333336
0 0.1513671875 0.7493489583333334 0.025390625 0.032552083333333336
0 0.1962890625 0.7213541666666666 0.021484375 0.028645833333333332
0 0.5361328125 0.8463541666666666 0.025390625 0.03125
0 0.74658203125 0.6946614583333334 0.0263671875 0.032552083333333336
0 0.64453125 0.62109375 0.02734375 0.033854166666666664
0 0.42333984375 0.5227864583333334 0.0224609375 0.029947916666666668
0 0.5546875 0.47265625 0.0234375 0.036458333333333336
0 0.0810546875 0.4973958333333333 0.02734375 0.033854166666666664
0 0.40576171875 0.5670572916666666 0.0244140625 0.029947916666666668
0 0.58544921875 0.03125 0.0283203125 0.036458333333333336
0 0.54443359375 0.74609375 0.0263671875 0.033854166666666664
