0 0.2587890625 0.19596354166666666 0.0234375 0.02734375
0 0.1826171875 0.18684895833333334 0.02734375 0.032552083333333336
0 0.12060546875 0.24348958333333334 0.0302734375 0.041666666666666664
0 0.24462890625 0.09895833333333333 0.0283203125 0.033854166666666664
0 0.24609375 0.0625 0.02734375 0.033854166666666664
0 0.265625 0.016276041666666668 0.0234375 0.01953125
0 0.19189453125 0.047526041666666664 0.0224609375 0.03515625
0 0.1552734375 0.020182291666666668 0.02734375 0.032552083333333336
0 0.109375 0.03515625 0.025390625 0.03125
0 0.11328125 0.01171875 0.021484375 0.018229166666666668
