0 0.57421875 0.8756510416666666 0.02734375 0.03515625
0 0.69677734375 0.7819010416666666 0.0244140625 0.029947916666666668
0 0.13720703125 0.7916666666666666 0.0302734375 0.0390625
0 0.353515625 0.7630208333333334 0.029296875 0.036458333333333336
0 0.64990234375 0.8098958333333334 0.0263671875 0.033854166666666664
0 0.748046875 0.6764322916666666 0.021484375 0.02734375
0 0.73681640625 0.662109375 0.0283203125 0.037760416666666664
0 0.2216796875 0.8645833333333334 0.029296875 0.0390625
0 0.5810546875 0.55859375 0.029296875 0.036458333333333336
0 0.4072265625 0.4303385416666667 0.02734375 0.032552083333333336
0 0.9228515625 0.5826822916666666 0.02734375 0.03515625
0 0.4619140625 0.9557291666666666 0.029296875 0.033854166666666664
0 0.82373046875 0.73828125 0.0263671875 0.036458333333333336
0 0.0234375 0.6048177083333334 0.025390625 0.03515625
0 0.77783203125 0.830078125 0.0322265625 0.037760416666666664
