0 0.2919921875 0.7330729166666666 0.029296875 0.041666666666666664
0 0.2705078125 0.666015625 0.0234375 0.029947916666666668
0 0.3076171875 0.6627604166666666 0.0234375 0.028645833333333332
0 0.078125 0.703125 0.02734375 0.03125
0 0.25146484375 0.7578125 0.0244140625 0.03125
0 0.2822265625 0.7688802083333334 0.0234375 0.02734375
0 0.13623046875 0.7037760416666666 0.0224609375 0.02734375
0 0.13818359375 0.6009114583333334 0.0283203125 0.032552083333333336
0 0.03515625 0.7220052083333334 0.025390625 0.032552083333333336
0 0.20654296875 0.5872395833333334 0.0205078125 0.028645833333333332
0 0.22509765625 0.50390625 0.0224609375 0.03125
0 0.693359375 0.6725260416666666 0.025390625 0.029947916666666668
0 0.390625 0.7766927083333334 0.025390625 0.032552083333333336
0 0.20166015625 0.65234375 0.0224609375 0.028645833333333332
0 0.21826171875 0.716796875 0.0224609375 0.032552083333333336
0 0.16455078125 0.7259114583333334 0.0224609375 0.02734375
0 0.05810546875 0.3444010416666667 0.0224609375 0.02734375
0 0.19921875 0.4205729166666667 0.0234375 0.03125
0 0.06103515625 0.12174479166666667 0.0263671875 0.032552083333333336
0 0.1787109375 0.64453125 0.01953125 0.026041666666666668
0 0.0166015625 0.689453125 0.015625 0.02734375
0 0.20654296875 0.5182291666666666 0.0185546875 0.0234375
0 0.01953125 0.5403645833333334 0.021484375 0.03125
0 0.46826171875 0.798828125 0.0263671875 0.024739583333333332
0 0.02001953125 0.5052083333333334 0.0205078125 0.028645833333333332
0 0.2333984375 0.7259114583333334 0.01953125 0.029947916666666668
0 0.49755859375 0.5455729166666666 0.0244140625 0.028645833333333332
0 0.05712890625 0.3763020833333333 0.0205078125 0.026041666666666668
0 0.31005859375 0.490234375 0.0205078125 0.029947916666666668
0 0.1806640625 0.71484375 0.01953125 0.020833333333333332
0 0.02734375 0.236328125 0.021484375 0.029947916666666668
0 0.46435546875 0.5188802083333334 0.0224609375 0.024739583333333332
0 0.03369140625 0.09440104166666667 0.0244140625 0.029947916666666668
0 0.40185546875 0.3515625 0.0205078125 0.0234375
0 0.11572265625 0.19075520833333334 0.0224609375 0.032552083333333336
0 0.53173828125 0.2682291666666667 0.0224609375 0.026041666666666668
0 0.02978515625 0.13606770833333334 0.0302734375 0.037760416666666664
0 0.01953125 0.4576822916666667 0.017578125 0.024739583333333332
0 0.02880859375 0.18424479166666666 0.0244140625 0.03515625
0 0.06982421875 0.17057291666666666 0.0302734375 0.028645833333333332
