0 0.34423828125 0.060546875 0.0244140625 0.029947916666666668
0 0.0458984375 0.2532552083333333 0.029296875 0.032552083333333336
0 0.76904296875 0.216796875 0.0263671875 0.032552083333333336
0 0.02587890625 0.3684895833333333 0.0224609375 0.028645833333333332
0 0.9462890625 0.796875 0.025390625 0.033854166666666664
0 0.91796875 0.3092447916666667 0.02734375 0.032552083333333336
0 0.07568359375 0.7662760416666666 0.0283203125 0.03515625
0 0.58984375 0.5533854166666666 0.01953125 0.028645833333333332
0 0.71142578125 0.689453125 0.0244140625 0.032552083333333336
0 0.63720703125 0.2766927083333333 0.0224609375 0.02734375
