0 0.5908203125 0.6458333333333334 0.03125 0.041666666666666664
0 0.38134765625 0.7721354166666666 0.0283203125 0.036458333333333336
0 0.33154296875 0.8268229166666666 0.0263671875 0.036458333333333336
0 0.17626953125 0.4967447916666667 0.0263671875 0.03515625
0 0.166015625 0.6399739583333334 0.029296875 0.03515625
0 0.73583984375 0.552734375 0.0244140625 0.03515625
0 0.05810546875 0.408203125 0.0244140625 0.032552083333333336
0 0.8447265625 0.494140625 0.033203125 0.037760416666666664
0 0.60595703125 0.3424479166666667 0.0283203125 0.033854166666666664
0 0.888671875 0.7376302083333334 0.025390625 0.029947916666666668
0 0.19970703125 0.19596354166666666 0.0283203125 0.03515625
