0 0.1904296875 0.4986979166666667 0.02734375 0.041666666666666664
0 0.080078125 0.4283854166666667 0.03125 0.0390625
0 0.28173828125 0.361328125 0.0283203125 0.032552083333333336
0 0.345703125 0.5247395833333334 0.02734375 0.03125
0 0.37890625 0.5533854166666666 0.025390625 0.033854166666666664
0 0.1884765625 0.671875 0.025390625 0.036458333333333336
0 0.15087890625 0.6751302083333334 0.0263671875 0.032552083333333336
0 0.08251953125 0.6588541666666666 0.0263671875 0.03125
0 0.0595703125 0.6549479166666666 0.021484375 0.036458333333333336
0 0.087890625 0.59765625 0.02734375 0.036458333333333336
0 0.08642578125 0.529296875 0.0263671875 0.029947916666666668
0 0.10546875 0.5149739583333334 0.025390625 0.03515625
0 0.02099609375 0.6126302083333334 0.0283203125 0.040364583333333336
0 0.017578125 0.7135416666666666 0.01953125 0.03125
0 0.044921875 0.7350260416666666 0.0234375 0.032552083333333336
0 0.06298828125 0.724609375 0.0244140625 0.022135416666666668
0 0.09716796875 0.7265625 0.0224609375 0.0390625
0 0.115234375 0.7376302083333334 0.01953125 0.03515625
0 0.171875 0.7408854166666666 0.025390625 0.03125
0 0.13232421875 0.7662760416666666 0.0244140625 0.029947916666666668
0 0.16259765625 0.7786458333333334 0.0224609375 0.028645833333333332
0 0.27197265625 0.7858072916666666 0.0244140625 0.032552083333333336
0 0.41015625 0.8990885416666666 0.02734375 0.037760416666666664
0 0.5751953125 0.6803385416666666 0.025390625 0.032552083333333336
0 0.4130859375 0.2766927083333333 0.033203125 0.04296875
0 0.814453125 0.10611979166666667 0.0234375 0.03515625
