0 0.4248046875 0.798828125 0.0234375 0.029947916666666668
0 0.78125 0.5501302083333334 0.02734375 0.037760416666666664
0 0.76513671875 0.376953125 0.0263671875 0.032552083333333336
0 0.080078125 0.7805989583333334 0.029296875 0.037760416666666664
0 0.3017578125 0.892578125 0.02734375 0.03515625
0 0.37939453125 0.8268229166666666 0.0263671875 0.033854166666666664
0 0.634765625 0.6458333333333334 0.02734375 0.03125
0 0.76416015625 0.923828125 0.0322265625 0.040364583333333336
0 0.134765625 0.4485677083333333 0.029296875 0.03515625
0 0.47705078125 0.6946614583333334 0.0166015625 0.024739583333333332
0 0.3095703125 0.5755208333333334 0.029296875 0.036458333333333336
0 0.462890625 0.6809895833333334 0.029296875 0.036458333333333336
0 0.625 0.0390625 0.02734375 0.036458333333333336
0 0.87109375 0.6979166666666666 0.033203125 0.0390625
0 0.50634765625 0.8470052083333334 0.0263671875 0.029947916666666668
0 0.77099609375 0.822265625 0.0361328125 0.045572916666666664
0 0.552734375 0.7545572916666666 0.021484375 0.032552083333333336
0 0.8125 0.11002604166666667 0.03125 0.040364583333333336
0 0.18994140625 0.97265625 0.0302734375 0.036458333333333336
0 0.6513671875 0.6002604166666666 0.02734375 0.0390625
0 0.6240234375 0.11197916666666667 0.02734375 0.03125
