0 0.388671875 0.7669270833333334 0.029296875 0.036458333333333336
0 0.4072265625 0.7350260416666666 0.02734375 0.03515625
0 0.462890625 0.435546875 0.02734375 0.03515625
0 0.07861328125 0.349609375 0.0244140625 0.029947916666666668
0 0.06005859375 0.3111979166666667 0.0224609375 0.03125
0 0.56640625 0.3626302083333333 0.0234375 0.029947916666666668
0 0.55615234375 0.5052083333333334 0.0244140625 0.028645833333333332
0 0.06982421875 0.3841145833333333 0.0263671875 0.033854166666666664
0 0.14208984375 0.328125 0.0244140625 0.03125
0 0.42919921875 0.7298177083333334 0.0263671875 0.032552083333333336
0 0.97802734375 0.5123697916666666 0.0283203125 0.037760416666666664
0 0.984375 0.029296875 0.029296875 0.055989583333333336
