0 0.91650390625 0.5123697916666666 0.0244140625 0.02734375
0 0.60986328125 0.9127604166666666 0.0263671875 0.033854166666666664
0 0.90869140625 0.546875 0.0263671875 0.03125
0 0.26025390625 0.1796875 0.0224609375 0.028645833333333332
0 0.50830078125 0.8404947916666666 0.0283203125 0.03515625
0 0.44140625 0.19921875 0.025390625 0.03125
0 0.89794921875 0.4739583333333333 0.0244140625 0.03125
0 0.44873046875 0.25 0.0283203125 0.033854166666666664
0 0.0146484375 0.96875 0.029296875 0.041666666666666664
0 0.26953125 0.7864583333333334 0.02734375 0.03125
0 0.06103515625 0.94140625 0.0283203125 0.036458333333333336
0 0.97998046875 0.4921875 0.0224609375 0.028645833333333332
