0 0.72607421875 0.041666666666666664 0.0322265625 0.0390625
0 0.357421875 0.21744791666666666 0.03125 0.03125
0 0.42578125 0.23307291666666666 0.02734375 0.0390625
0 0.40576171875 0.34765625 0.0263671875 0.03125
0 0.22509765625 0.2513020833333333 0.0361328125 0.0390625
0 0.060546875 0.2643229166666667 0.0390625 0.041666666666666664
0 0.109375 0.322265625 0.03515625 0.032552083333333336
0 0.10498046875 0.19986979166666666 0.0283203125 0.032552083333333336
0 0.05029296875 0.3671875 0.0283203125 0.033854166666666664
0 0.01953125 0.4075520833333333 0.01953125 0.026041666666666668
0 0.36474609375 0.7799479166666666 0.0322265625 0.041666666666666664
0 0.02294921875 0.11393229166666667 0.0224609375 0.02734375
0 0.27587890625 0.7024739583333334 0.0322265625 0.037760416666666664
0 0.38671875 0.30078125 0.025390625 0.036458333333333336
0 0.4560546875 0.7473958333333334 0.029296875 0.036458333333333336
0 0.0185546875 0.08268229166666667 0.02734375 0.03515625
0 0.970703125 0.5345052083333334 0.0234375 0.032552083333333336
0 0.0791015625 0.162109375 0.03515625 0.045572916666666664
0 0.09423828125 0.103515625 0.0263671875 0.037760416666666664
0 0.07177734375 0.10807291666666667 0.0263671875 0.041666666666666664
0 0.04638671875 0.111328125 0.0244140625 0.040364583333333336
0 0.02294921875 0.4765625 0.0283203125 0.033854166666666664
