0 0.283203125 0.4700520833333333 0.029296875 0.036458333333333336
0 0.96630859375 0.068359375 0.0263671875 0.029947916666666668
0 0.88427734375 0.18880208333333334 0.0244140625 0.0234375
0 0.95654296875 0.11393229166666667 0.0205078125 0.032552083333333336
0 0.935546875 0.6920572916666666 0.03125 0.040364583333333336
0 0.701171875 0.3756510416666667 0.025390625 0.029947916666666668
0 0.91650390625 0.06640625 0.0361328125 0.036458333333333336
0 0.978515625 0.11588541666666667 0.01953125 0.028645833333333332
0 0.4716796875 0.016927083333333332 0.021484375 0.026041666666666668
0 0.29638671875 0.5143229166666666 0.0302734375 0.0390625
0 0.9365234375 0.046875 0.0234375 0.028645833333333332
0 0.83642578125 0.3509114583333333 0.0244140625 0.029947916666666668
0 0.79638671875 0.3580729166666667 0.0185546875 0.03125
0 0.77685546875 0.3815104166666667 0.0205078125 0.03125
0 0.81884765625 0.3567708333333333 0.0224609375 0.028645833333333332
0 0.6591796875 0.4720052083333333 0.025390625 0.032552083333333336
0 0.66455078125 0.4993489583333333 0.0419921875 0.03515625
0 0.447265625 0.4401041666666667 0.02734375 0.033854166666666664
0 0.375 0.4114583333333333 0.029296875 0.033854166666666664
0 0.3125 0.3977864583333333 0.03125 0.037760416666666664
0 0.3271484375 0.466796875 0.033203125 0.037760416666666664
0 0.35302734375 0.4524739583333333 0.0283203125 0.037760416666666664
0 0.3291015625 0.4368489583333333 0.029296875 0.032552083333333336
0 0.75830078125 0.38671875 0.0244140625 0.028645833333333332
