0 0.89501953125 0.8059895833333334 0.0302734375 0.046875
0 0.95751953125 0.75 0.0322265625 0.041666666666666664
0 0.10986328125 0.9576822916666666 0.0341796875 0.03515625
0 0.361328125 0.7037760416666666 0.03125 0.05078125
0 0.40771484375 0.607421875 0.0302734375 0.048177083333333336
0 0.38671875 0.7024739583333334 0.025390625 0.032552083333333336
0 0.3212890625 0.65625 0.041015625 0.041666666666666664
0 0.359375 0.6067708333333334 0.033203125 0.052083333333333336
0 0.291015625 0.7747395833333334 0.02734375 0.026041666666666668
0 0.37255859375 0.6555989583333334 0.0302734375 0.03515625
0 0.23974609375 0.4192708333333333 0.0537109375 0.057291666666666664
0 0.48388671875 0.224609375 0.0302734375 0.045572916666666664
0 0.24462890625 0.9342447916666666 0.0244140625 0.03515625
0 0.20556640625 0.9420572916666666 0.0263671875 0.037760416666666664
0 0.1962890625 0.3776041666666667 0.0390625 0.052083333333333336
0 0.224609375 0.34765625 0.04296875 0.049479166666666664
0 0.42578125 0.9622395833333334 0.029296875 0.036458333333333336
0 0.97021484375 0.6145833333333334 0.0263671875 0.036458333333333336
0 0.8876953125 0.607421875 0.03125 0.03515625
0 0.9326171875 0.591796875 0.02734375 0.03515625
0 0.92333984375 0.5514322916666666 0.0283203125 0.040364583333333336
0 0.89306640625 0.5774739583333334 0.0302734375 0.04296875
0 0.2255859375 0.9420572916666666 0.01953125 0.03515625
