0 0.73876953125 0.12109375 0.0322265625 0.0390625
0 0.66259765625 0.11067708333333333 0.0302734375 0.036458333333333336
0 0.13427734375 0.3235677083333333 0.0341796875 0.040364583333333336
0 0.599609375 0.16731770833333334 0.029296875 0.037760416666666664
0 0.7236328125 0.024088541666666668 0.03125 0.032552083333333336
0 0.05224609375 0.6341145833333334 0.0380859375 0.049479166666666664
0 0.67626953125 0.9270833333333334 0.0244140625 0.03125
0 0.46533203125 0.759765625 0.0283203125 0.032552083333333336
0 0.068359375 0.056640625 0.029296875 0.053385416666666664
0 0.0986328125 0.057291666666666664 0.037109375 0.0546875
