0 0.0751953125 0.4016927083333333 0.037109375 0.05078125
0 0.10498046875 0.890625 0.0263671875 0.041666666666666664
0 0.81884765625 0.78125 0.0283203125 0.033854166666666664
0 0.90087890625 0.650390625 0.0224609375 0.02734375
0 0.84912109375 0.6998697916666666 0.0224609375 0.029947916666666668
0 0.82470703125 0.8561197916666666 0.0224609375 0.029947916666666668
0 0.93212890625 0.6744791666666666 0.0244140625 0.028645833333333332
0 0.86181640625 0.884765625 0.0244140625 0.029947916666666668
0 0.70263671875 0.4837239583333333 0.0244140625 0.037760416666666664
0 0.64404296875 0.8274739583333334 0.0244140625 0.037760416666666664
0 0.71875 0.138671875 0.03515625 0.040364583333333336
0 0.8798828125 0.9811197916666666 0.0234375 0.022135416666666668
0 0.5927734375 0.047526041666666664 0.0390625 0.04296875
0 0.568359375 0.025390625 0.02734375 0.03515625
0 0.6591796875 0.837890625 0.033203125 0.02734375
