0 0.1064453125 0.037109375 0.02734375 0.032552083333333336
0 0.07861328125 0.3326822916666667 0.0478515625 0.053385416666666664
0 0.3525390625 0.525390625 0.017578125 0.029947916666666668
0 0.533203125 0.18880208333333334 0.025390625 0.028645833333333332
0 0.68115234375 0.2819010416666667 0.0283203125 0.03515625
0 0.7080078125 0.7662760416666666 0.0234375 0.03515625
0 0.3251953125 0.8072916666666666 0.029296875 0.028645833333333332
0 0.47705078125 0.6614583333333334 0.0224609375 0.028645833333333332
0 0.580078125 0.6236979166666666 0.013671875 0.020833333333333332
0 0.427734375 0.8841145833333334 0.025390625 0.03125
0 0.3984375 0.2506510416666667 0.0234375 0.02734375
0 0.068359375 0.3470052083333333 0.015625 0.022135416666666668
0 0.44140625 0.7122395833333334 0.0234375 0.026041666666666668
0 0.43359375 0.736328125 0.0234375 0.029947916666666668
