0 0.499508 0.233715 0.024172 0.027678
0 0.158587 0.250801 0.025219 0.031881
0 0.621228 0.128028 0.019666 0.023638
0 0.828259 0.619417 0.028717 0.038026
0 0.562740 0.212815 0.022707 0.028831
0 0.808857 0.649552 0.028431 0.034907
0 0.289881 0.656928 0.018313 0.023773
0 0.571333 0.645621 0.038754 0.058112
0 0.372972 0.676303 0.020435 0.028343
0 0.363112 0.737410 0.019824 0.026288
0 0.468935 0.632459 0.018436 0.025280
0 0.745840 0.372655 0.028471 0.036030
0 0.469321 0.657712 0.018609 0.028438
0 0.839741 0.221200 0.029923 0.040817
0 0.285971 0.657768 0.022445 0.024391
0 0.489781 0.268243 0.025044 0.030005
0 0.526259 0.280801 0.018285 0.025473
0 0.581435 0.596232 0.036395 0.047915
0 0.738487 0.534148 0.039519 0.056171
0 0.304350 0.725929 0.026075 0.033713
0 0.601598 0.636486 0.024787 0.032852
0 0.679678 0.537367 0.039691 0.051089
0 0.193449 0.634036 0.026595 0.033370
0 0.158666 0.721180 0.023425 0.031415
0 0.481023 0.196346 0.024712 0.031805
0 0.600201 0.579601 0.029597 0.045306
0 0.090590 0.562022 0.028845 0.036630
0 0.762840 0.318549 0.024800 0.031119
0 0.885166 0.318940 0.026547 0.035007
0 0.849431 0.614410 0.028724 0.033885
0 0.868182 0.814566 0.031529 0.036357
0 0.755610 0.277188 0.017711 0.025436
0 0.727609 0.609124 0.031558 0.038168
0 0.633619 0.227750 0.021447 0.024459
0 0.740967 0.492710 0.016016 0.021484
0 0.810983 0.202240 0.033131 0.044844
0 0.713693 0.070131 0.027839 0.037592
0 0.821347 0.259616 0.021550 0.029643
0 0.131475 0.065976 0.022744 0.026718
0 0.814675 0.208925 0.029769 0.041254
0 0.565687 0.550871 0.017554 0.023629
0 0.455203 0.671855 0.019886 0.021092
0 0.298982 0.583798 0.016028 0.020461
0 0.855059 0.223680 0.021181 0.032410
0 0.451866 0.632901 0.019913 0.025772
0 0.836731 0.218067 0.026611 0.036568
0 0.289653 0.628553 0.016790 0.021358
0 0.552079 0.555485 0.018324 0.029283
0 0.720807 0.531035 0.024850 0.043583
0 0.326844 0.628307 0.015655 0.020035
0 0.781861 0.232448 0.024016 0.032209
0 0.944678 0.875735 0.035287 0.047056
0 0.566250 0.557989 0.020189 0.031263
0 0.456076 0.652816 0.022114 0.029340
0 0.319685 0.658018 0.012211 0.016066
0 0.626601 0.129186 0.017805 0.023076
0 0.294309 0.713580 0.012124 0.015691
0 0.706739 0.568235 0.043150 0.060728
0 0.844706 0.217929 0.022453 0.035493
0 0.172636 0.247482 0.014234 0.024664
0 0.718228 0.163875 0.015772 0.020631
0 0.746756 0.463235 0.020211 0.029215
0 0.831496 0.251982 0.025917 0.030807
0 0.708079 0.575343 0.037585 0.047651
0 0.769554 0.515683 0.023400 0.032501
0 0.128340 0.065829 0.022900 0.030232
0 0.185934 0.178255 0.020628 0.025303
0 0.754606 0.363546 0.024053 0.028923
0 0.128116 0.109191 0.019531 0.022225
0 0.974973 0.388404 0.029541 0.034170
0 0.307149 0.181834 0.020408 0.029063
0 0.990242 0.040495 0.019517 0.076512
0 0.709823 0.557295 0.040978 0.043501
0 0.683120 0.146147 0.015290 0.020113
0 0.981830 0.248361 0.021075 0.036743
0 0.868157 0.156442 0.025681 0.031666
0 0.753803 0.349271 0.019221 0.029048
0 0.171323 0.053520 0.015445 0.019738
0 0.234024 0.027423 0.023437 0.034400
0 0.175423 0.244946 0.014787 0.020158
0 0.743513 0.492743 0.022994 0.030289
0 0.580680 0.607721 0.039948 0.030772
0 0.835610 0.229489 0.028827 0.037124
0 0.456129 0.643635 0.022564 0.028830
0 0.372608 0.675255 0.024770 0.033681
0 0.194745 0.278568 0.014637 0.017968
0 0.576414 0.558934 0.014632 0.027091
0 0.822302 0.259186 0.026048 0.035625
