0 0.132035 0.560083 0.019731 0.027148
0 0.182368 0.498345 0.019479 0.025593
0 0.119663 0.540523 0.018804 0.027722
0 0.265425 0.880896 0.042091 0.057175
0 0.244054 0.316576 0.021069 0.027620
0 0.380663 0.451722 0.025758 0.035101
0 0.115193 0.254276 0.019474 0.023827
0 0.382880 0.045020 0.042686 0.061793
0 0.198967 0.465716 0.026973 0.036088
0 0.098370 0.506322 0.021676 0.029669
0 0.185904 0.261382 0.018756 0.023747
0 0.413787 0.532717 0.017399 0.022344
0 0.280809 0.406593 0.032924 0.044798
0 0.377341 0.731198 0.052086 0.066811
0 0.194035 0.384634 0.019768 0.028082
0 0.510974 0.139765 0.019791 0.025576
0 0.212337 0.341066 0.019985 0.028060
0 0.314860 0.538781 0.020466 0.031405
0 0.206259 0.297142 0.019984 0.023447
0 0.313383 0.162850 0.022269 0.032494
0 0.252560 0.396005 0.021497 0.028631
0 0.161667 0.257534 0.014903 0.018912
0 0.085536 0.185203 0.020688 0.026859
0 0.257396 0.370753 0.019576 0.026416
0 0.029596 0.241008 0.025587 0.034919
0 0.356422 0.058128 0.033055 0.042674
0 0.329546 0.353158 0.019073 0.023824
0 0.459906 0.503035 0.022424 0.028668
0 0.296367 0.536364 0.022413 0.030726
0 0.265600 0.216244 0.028003 0.036007
0 0.342069 0.174778 0.024240 0.027725
0 0.396789 0.331445 0.035401 0.040680
0 0.205939 0.256299 0.016514 0.021529
0 0.523539 0.671269 0.037778 0.047032
0 0.244602 0.260787 0.021034 0.027346
0 0.164981 0.338231 0.016732 0.021177
0 0.448889 0.641524 0.045146 0.057435
0 0.053376 0.474989 0.030800 0.045215
0 0.427777 0.358313 0.059077 0.082292
0 0.276570 0.486386 0.030040 0.044114
0 0.312552 0.343201 0.018995 0.025450
0 0.229412 0.380005 0.017609 0.024766
0 0.410671 0.664019 0.026601 0.037999
0 0.304722 0.396656 0.033435 0.051500
0 0.295828 0.060933 0.025408 0.037146
0 0.448967 0.515844 0.015077 0.020677
0 0.039016 0.190196 0.021870 0.029999
0 0.164071 0.377208 0.016141 0.019286
0 0.362034 0.306456 0.016919 0.017776
0 0.410817 0.021262 0.041443 0.038343
0 0.198472 0.504693 0.018305 0.025163
0 0.319982 0.373686 0.023381 0.029318
0 0.401382 0.426370 0.027558 0.048304
0 0.149421 0.416654 0.014502 0.021689
0 0.253487 0.032091 0.019516 0.027869
0 0.270769 0.737038 0.049482 0.069180
0 0.526462 0.190909 0.031163 0.041586
0 0.385436 0.384163 0.068063 0.086196
0 0.237117 0.051277 0.025903 0.034163
0 0.339182 0.194442 0.025226 0.035489
0 0.221597 0.297270 0.020602 0.025143
0 0.028423 0.562501 0.024667 0.029325
0 0.440299 0.543096 0.016848 0.026272
0 0.126851 0.521252 0.017578 0.021903
0 0.264894 0.075547 0.023503 0.027757
0 0.312979 0.691723 0.099684 0.153284
0 0.309593 0.410109 0.026224 0.030127
0 0.130086 0.806530 0.042422 0.054250
0 0.099732 0.554539 0.019399 0.024892
0 0.226020 0.872273 0.022919 0.032430
0 0.216652 0.377232 0.017773 0.022719
0 0.276604 0.550823 0.029588 0.042872
0 0.263263 0.485561 0.032497 0.048573
0 0.222951 0.316329 0.025364 0.030483
0 0.065758 0.132410 0.048159 0.060911
0 0.248048 0.392633 0.016997 0.024837
0 0.375862 0.784813 0.039269 0.054715
0 0.247812 0.237702 0.023861 0.026415
0 0.189511 0.268553 0.019246 0.022916
0 0.217021 0.395996 0.018018 0.024551
0 0.282200 0.370431 0.028221 0.039368
0 0.200283 0.317771 0.019185 0.026985
0 0.236767 0.353186 0.021391 0.022861
0 0.418051 0.593366 0.035510 0.050936
0 0.194550 0.238499 0.017968 0.022086
0 0.272325 0.042270 0.021511 0.022387
0 0.054863 0.209329 0.027985 0.036150
0 0.269208 0.396680 0.018828 0.029714
0 0.293364 0.577322 0.023295 0.027751
0 0.288237 0.124696 0.014864 0.020186
0 0.097131 0.556589 0.022218 0.029226
0 0.241674 0.352133 0.020371 0.024399
0 0.331951 0.398556 0.017098 0.026697
0 0.023813 0.215152 0.020510 0.030574
0 0.316282 0.320256 0.018867 0.025005
0 0.345601 0.191869 0.024777 0.031496
0 0.473103 0.627670 0.030748 0.040509
0 0.122385 0.522017 0.020690 0.020939
0 0.518277 0.665706 0.040155 0.048197
0 0.052217 0.218047 0.030340 0.044705
0 0.242613 0.930577 0.027320 0.032522
0 0.281516 0.071313 0.021489 0.028123
0 0.202995 0.470079 0.029085 0.039360
0 0.044688 0.219590 0.032596 0.042070
0 0.202898 0.315787 0.021950 0.029128
0 0.201120 0.389414 0.016900 0.026343
0 0.269136 0.486067 0.044277 0.051314
0 0.313362 0.132750 0.018413 0.023170
0 0.291302 0.355928 0.026988 0.038010
0 0.272897 0.330181 0.027759 0.032672
0 0.237535 0.346646 0.020710 0.029116
0 0.217556 0.502546 0.018239 0.024828
0 0.348987 0.446222 0.016055 0.024853
0 0.463133 0.570400 0.031681 0.034501
0 0.235358 0.828728 0.042474 0.056780
0 0.123960 0.968873 0.021715 0.026648
0 0.179738 0.313794 0.018552 0.023803
0 0.065824 0.188499 0.017550 0.021673
0 0.125820 0.195011 0.042073 0.061738
0 0.255093 0.338320 0.019286 0.027313
0 0.226682 0.871202 0.028238 0.037847
0 0.058455 0.184560 0.015595 0.026127
0 0.270758 0.065031 0.023970 0.031127
0 0.366038 0.423158 0.026939 0.038230
0 0.395097 0.775442 0.030317 0.045211
0 0.205635 0.360117 0.015226 0.019797
0 0.274340 0.341393 0.027405 0.034690
0 0.059774 0.210933 0.027270 0.042370
0 0.228976 0.279183 0.015020 0.024282
0 0.036493 0.584292 0.019514 0.028920
0 0.288783 0.273915 0.039599 0.053506
0 0.027590 0.416152 0.017405 0.024320
0 0.469226 0.607511 0.034711 0.043060
0 0.518059 0.650509 0.030976 0.037177
0 0.250048 0.032933 0.020913 0.026685
0 0.225935 0.318420 0.023116 0.030185
0 0.243003 0.048843 0.023620 0.034099
0 0.063032 0.209680 0.021699 0.033450
0 0.021090 0.459592 0.017088 0.021738
0 0.245373 0.372448 0.016598 0.025370
0 0.505668 0.836415 0.032853 0.031019
0 0.021217 0.664399 0.016743 0.022015
0 0.022529 0.160596 0.030843 0.050914
0 0.231036 0.246788 0.018991 0.026666
0 0.411457 0.635010 0.026001 0.037657
0 0.133784 0.200600 0.057872 0.071354
0 0.161019 0.971352 0.019976 0.021042
0 0.052245 0.465751 0.030482 0.047388
0 0.030141 0.215991 0.027974 0.036348
0 0.058760 0.196212 0.022527 0.029142
0 0.341922 0.185901 0.028889 0.045097
0 0.278855 0.306638 0.025554 0.024956
0 0.241449 0.316623 0.016691 0.023858
0 0.107392 0.167176 0.028446 0.039339
0 0.347269 0.412907 0.014503 0.021624
0 0.176629 0.847536 0.053356 0.065650
0 0.356060 0.446802 0.025397 0.027716
0 0.286741 0.122605 0.015070 0.021176
0 0.026151 0.572712 0.021223 0.024909
0 0.258174 0.058485 0.019309 0.027632
0 0.392259 0.383052 0.050770 0.069802
