0 0.063545 0.919645 0.028619 0.036159
0 0.139975 0.853173 0.026338 0.034558
0 0.735584 0.798526 0.028562 0.035504
0 0.413207 0.626950 0.023350 0.029161
0 0.526913 0.403701 0.028066 0.033999
0 0.633188 0.725131 0.028233 0.035020
0 0.237580 0.720905 0.018621 0.026366
0 0.387378 0.065159 0.026145 0.033787
0 0.525909 0.950224 0.028386 0.035103
0 0.070217 0.600778 0.028677 0.034909
0 0.845791 0.889304 0.032117 0.040628
0 0.265129 0.873302 0.027381 0.033458
0 0.223540 0.704829 0.029322 0.037139
0 0.543741 0.575989 0.024566 0.036144
0 0.185851 0.825981 0.023315 0.029735
0 0.701155 0.884727 0.026087 0.032835
0 0.365710 0.875002 0.020444 0.023424
0 0.676544 0.231061 0.020659 0.025177
0 0.395063 0.671036 0.028114 0.030874
0 0.486243 0.453439 0.019911 0.029152
0 0.775075 0.192963 0.026097 0.035907
0 0.945487 0.117161 0.029543 0.041243
0 0.385839 0.136933 0.025820 0.029936
0 0.700857 0.415786 0.025946 0.031206
0 0.574082 0.135711 0.029186 0.036525
0 0.830653 0.792319 0.021477 0.024581
0 0.717524 0.410227 0.014171 0.021265
0 0.914065 0.838864 0.027770 0.035863
0 0.826019 0.819824 0.029303 0.030006
0 0.534187 0.849642 0.030644 0.039202
0 0.315055 0.781506 0.021585 0.033635
0 0.904924 0.901077 0.024432 0.030660
0 0.841780 0.886101 0.028559 0.039970
0 0.726385 0.194326 0.014556 0.020410
0 0.728006 0.344105 0.022844 0.028361
0 0.714656 0.219241 0.015904 0.020473
0 0.522282 0.503789 0.014328 0.023149
0 0.568037 0.083980 0.031087 0.036039
0 0.422520 0.412024 0.017899 0.023087
0 0.412730 0.409209 0.016861 0.022023
0 0.393524 0.016154 0.030555 0.025906
0 0.868096 0.786149 0.021217 0.027157
