0 0.532407 0.542645 0.017360 0.021202
0 0.308864 0.885141 0.023596 0.032591
0 0.322628 0.858024 0.017531 0.020328
0 0.709539 0.408071 0.020264 0.023140
0 0.621068 0.490415 0.012790 0.016248
0 0.606247 0.689921 0.016699 0.020258
0 0.633535 0.439824 0.020669 0.025056
0 0.856547 0.492895 0.018089 0.024246
0 0.288137 0.734900 0.023341 0.029291
0 0.935750 0.832316 0.022416 0.026893
0 0.804125 0.599596 0.018023 0.023898
0 0.396225 0.442603 0.021723 0.029533
0 0.553791 0.532944 0.018206 0.022644
0 0.781661 0.694672 0.019344 0.025268
0 0.345804 0.497401 0.024062 0.031370
0 0.629134 0.601437 0.024431 0.030983
0 0.321153 0.826188 0.020169 0.024539
0 0.741234 0.492477 0.018461 0.022106
0 0.500825 0.333514 0.023079 0.030923
0 0.477034 0.322388 0.027599 0.037380
0 0.640664 0.725649 0.013464 0.019769
0 0.609888 0.648213 0.022179 0.027612
0 0.347099 0.903757 0.020346 0.030918
0 0.615082 0.455231 0.017581 0.023809
0 0.781468 0.300208 0.020591 0.025725
0 0.195578 0.947689 0.021690 0.029439
0 0.490163 0.277662 0.017679 0.023552
0 0.591762 0.769349 0.014989 0.020877
0 0.503495 0.877215 0.015130 0.017850
0 0.542424 0.413552 0.016741 0.023683
0 0.525407 0.758810 0.014493 0.020450
0 0.782646 0.379957 0.021261 0.028941
0 0.559461 0.567209 0.015982 0.022395
0 0.722945 0.385063 0.019826 0.025678
0 0.514432 0.532322 0.019995 0.024271
0 0.791733 0.399525 0.024903 0.032224
0 0.778459 0.527454 0.023107 0.030246
0 0.221517 0.600401 0.054982 0.069467
0 0.728989 0.440382 0.013556 0.018611
0 0.704726 0.036111 0.037512 0.044742
0 0.609166 0.873557 0.014518 0.020943
0 0.929335 0.532371 0.027673 0.037138
0 0.721800 0.788258 0.022345 0.029654
0 0.523742 0.421078 0.016154 0.022298
0 0.969065 0.877907 0.023463 0.033062
0 0.503356 0.163769 0.033436 0.039879
0 0.507286 0.309395 0.023758 0.029999
0 0.711357 0.487057 0.015888 0.022948
0 0.913934 0.567454 0.021117 0.026254
0 0.533208 0.944757 0.030466 0.038297
0 0.630644 0.461602 0.018464 0.025762
0 0.648856 0.828099 0.033612 0.047934
0 0.508815 0.364379 0.021316 0.026587
0 0.609385 0.653017 0.023896 0.037450
0 0.745121 0.465353 0.016366 0.019832
0 0.533498 0.444124 0.016108 0.019999
0 0.880062 0.530859 0.020357 0.029121
0 0.261774 0.070571 0.024844 0.029798
0 0.667199 0.777939 0.018843 0.022465
0 0.567611 0.954787 0.021911 0.028613
0 0.434222 0.601900 0.016757 0.022674
0 0.631833 0.871410 0.017552 0.024225
0 0.845110 0.524653 0.026056 0.036422
0 0.536312 0.736531 0.018324 0.022034
0 0.470047 0.284242 0.018802 0.024416
0 0.729079 0.418578 0.015833 0.020906
0 0.476607 0.267005 0.017230 0.021573
0 0.529734 0.733546 0.015796 0.021250
0 0.977329 0.851496 0.017928 0.029523
0 0.625813 0.668863 0.019913 0.024563
0 0.775329 0.053326 0.038768 0.047591
0 0.652502 0.627568 0.016528 0.020852
0 0.568155 0.913012 0.015432 0.018816
0 0.140760 0.048909 0.020302 0.023224
0 0.772202 0.203578 0.022122 0.030098
0 0.553799 0.439984 0.014912 0.020839
0 0.753916 0.774220 0.019994 0.028949
0 0.580684 0.472467 0.015344 0.020173
0 0.681516 0.771967 0.019222 0.026780
0 0.770390 0.464292 0.017351 0.021297
0 0.505828 0.831877 0.013286 0.016985
0 0.656656 0.481724 0.016994 0.025087
0 0.769829 0.334278 0.028557 0.034921
0 0.655295 0.607623 0.016023 0.015967
0 0.778976 0.207211 0.021253 0.033892
0 0.545597 0.463899 0.017323 0.021568
0 0.704644 0.801451 0.022572 0.026751
0 0.444262 0.555706 0.016310 0.019342
0 0.757226 0.513765 0.014575 0.019472
0 0.252431 0.608425 0.042076 0.055615
0 0.839977 0.886769 0.020372 0.022495
0 0.674461 0.722809 0.022044 0.030496
0 0.776991 0.203809 0.024026 0.031947
0 0.577117 0.438099 0.014484 0.021162
0 0.976939 0.942710 0.025341 0.028909
0 0.624970 0.763790 0.017143 0.023152
0 0.534308 0.410697 0.015696 0.020323
0 0.575535 0.542212 0.016478 0.021000
0 0.570679 0.938483 0.021822 0.024171
0 0.519281 0.312228 0.027128 0.031242
0 0.763622 0.276207 0.016327 0.021382
0 0.929279 0.625267 0.022153 0.029711
0 0.529074 0.354955 0.013729 0.020123
0 0.560641 0.475673 0.015068 0.018354
0 0.607458 0.761985 0.012135 0.018928
0 0.774554 0.528412 0.021730 0.027954
0 0.959243 0.840242 0.022721 0.034381
0 0.717167 0.839832 0.024790 0.036998
0 0.882041 0.469004 0.029869 0.038682
0 0.947256 0.600798 0.028032 0.036461
0 0.534617 0.734352 0.019778 0.020889
0 0.795032 0.755982 0.016673 0.018987
0 0.638562 0.282262 0.017521 0.023548
0 0.573837 0.574796 0.016404 0.019583
0 0.477423 0.021706 0.023890 0.031239
0 0.635490 0.532661 0.015892 0.018253
0 0.679781 0.695314 0.023429 0.024930
0 0.718221 0.925967 0.058758 0.079288
0 0.942579 0.888887 0.024829 0.027505
0 0.677425 0.725716 0.020886 0.030066
0 0.719065 0.815414 0.021771 0.030721
0 0.910660 0.879526 0.018666 0.023905
0 0.639835 0.689453 0.017418 0.017283
0 0.753072 0.767026 0.019850 0.026817
0 0.909546 0.936535 0.025383 0.032154
0 0.661789 0.776322 0.015982 0.019061
0 0.813456 0.290298 0.021269 0.030005
0 0.779154 0.899091 0.024852 0.036826
0 0.687849 0.777416 0.016369 0.024882
0 0.953599 0.602179 0.031156 0.039054
0 0.573789 0.544804 0.018319 0.024829
0 0.968745 0.801967 0.018444 0.020906
0 0.164888 0.760885 0.031784 0.038642
0 0.541919 0.985331 0.021762 0.025307
0 0.249875 0.013814 0.020195 0.020598
0 0.876457 0.527798 0.020783 0.032098
0 0.594098 0.680295 0.012189 0.016709
0 0.678343 0.796432 0.017840 0.023944
0 0.727945 0.791566 0.021856 0.031746
0 0.656497 0.864826 0.025185 0.031397
0 0.511967 0.760957 0.014214 0.020179
0 0.744067 0.891606 0.036506 0.049641
0 0.487655 0.644474 0.022569 0.024121
0 0.625884 0.769584 0.018562 0.023803
0 0.902121 0.511770 0.016266 0.020474
0 0.793462 0.331725 0.028788 0.043753
0 0.676462 0.862856 0.020845 0.022209
0 0.496755 0.543441 0.013985 0.015561
0 0.772329 0.904085 0.029158 0.038270
0 0.884454 0.490220 0.024713 0.021446
0 0.118642 0.028431 0.023373 0.028473
0 0.944883 0.685710 0.021100 0.029684
0 0.496766 0.197441 0.016694 0.020358
0 0.536476 0.315615 0.017304 0.025555
0 0.196439 0.700100 0.039311 0.050814
0 0.433240 0.578034 0.016900 0.021950
0 0.536933 0.329781 0.016628 0.021126
0 0.653235 0.925533 0.023917 0.032621
0 0.727700 0.079985 0.021609 0.025574
0 0.467439 0.749577 0.022054 0.024792
0 0.957921 0.965820 0.025933 0.036143
0 0.891595 0.525915 0.017863 0.024316
0 0.297853 0.916246 0.021225 0.025498
0 0.959892 0.835291 0.020079 0.027055
0 0.424996 0.440047 0.019146 0.028118
0 0.778393 0.326361 0.023508 0.039143
0 0.701877 0.804184 0.021093 0.029532
0 0.947526 0.878047 0.025574 0.021471
0 0.675754 0.828282 0.031112 0.044550
0 0.535382 0.952550 0.026081 0.031374
0 0.472537 0.277515 0.023143 0.027240
0 0.757060 0.479130 0.012690 0.021559
0 0.756751 0.861614 0.024292 0.033344
0 0.803201 0.033401 0.027075 0.035739
0 0.684398 0.016589 0.041922 0.028704
0 0.689587 0.727414 0.016567 0.027118
0 0.770139 0.327215 0.031471 0.042727
0 0.167452 0.679399 0.021215 0.026246
0 0.764881 0.879779 0.024348 0.031993
0 0.779121 0.014971 0.029869 0.028517
0 0.795668 0.358847 0.025143 0.031248
0 0.171955 0.825165 0.035683 0.044582
0 0.496820 0.527168 0.013840 0.017799
0 0.448965 0.800156 0.014349 0.019866
0 0.976624 0.637887 0.027281 0.032238
0 0.932687 0.918715 0.016325 0.026239
0 0.940337 0.538776 0.014922 0.024498
0 0.930437 0.651228 0.023392 0.026733
0 0.577570 0.688723 0.014549 0.017007
0 0.453380 0.013451 0.023051 0.022478
0 0.706013 0.823884 0.021889 0.026773
0 0.141542 0.031204 0.016976 0.021151
0 0.735870 0.839011 0.032110 0.046959
0 0.494388 0.667753 0.025755 0.035356
0 0.547996 0.807873 0.011949 0.015378
0 0.643111 0.492868 0.017824 0.016035
0 0.640228 0.703108 0.014328 0.021761
0 0.949087 0.862482 0.031367 0.042220
0 0.156401 0.030602 0.016381 0.022342
0 0.976894 0.959058 0.026105 0.031707
0 0.784089 0.881468 0.017406 0.024004
0 0.502942 0.505801 0.016122 0.017758
0 0.479008 0.270403 0.015363 0.025505
0 0.930246 0.969821 0.024294 0.034244
0 0.923640 0.608777 0.020061 0.020308
0 0.227110 0.066121 0.055937 0.068663
0 0.295390 0.896431 0.013323 0.018604
0 0.651521 0.646571 0.016992 0.016013
0 0.657065 0.748021 0.013500 0.017861
0 0.943943 0.968875 0.027686 0.037718
0 0.612751 0.416382 0.013922 0.016571
0 0.733716 0.832662 0.031559 0.040015
0 0.244220 0.034110 0.022622 0.030609
0 0.919001 0.936896 0.019009 0.030753
0 0.585630 0.561587 0.014380 0.018521
0 0.951272 0.522416 0.020208 0.023424
0 0.171869 0.791108 0.026067 0.036841
0 0.563692 0.400320 0.015422 0.019647
0 0.220416 0.025563 0.021090 0.025848
0 0.564284 0.426362 0.013664 0.015954
0 0.656973 0.751443 0.015092 0.018373
0 0.788133 0.388239 0.023236 0.035875
0 0.886117 0.466681 0.035305 0.037763
0 0.436324 0.596863 0.019367 0.024493
0 0.901788 0.628676 0.018597 0.027497
0 0.989940 0.028826 0.020105 0.055086
0 0.945889 0.935174 0.028142 0.033140
0 0.647256 0.884475 0.018793 0.026480
0 0.644684 0.854753 0.032294 0.043657
0 0.924805 0.907350 0.016366 0.023279
0 0.651759 0.503785 0.014419 0.017057
0 0.770119 0.495840 0.012264 0.018075
0 0.897335 0.476766 0.019547 0.029147
0 0.439063 0.575294 0.016279 0.020490
0 0.720832 0.388749 0.021557 0.031202
0 0.883405 0.506211 0.022285 0.028744
0 0.604153 0.739922 0.013707 0.019254
0 0.640348 0.675636 0.015221 0.019366
0 0.944423 0.930448 0.026145 0.033650
0 0.632730 0.463337 0.016484 0.026295
0 0.941109 0.883705 0.025372 0.027740
0 0.674627 0.834663 0.031493 0.041682
