0 0.769794 0.526045 0.020178 0.028518
0 0.816342 0.559767 0.016320 0.024112
0 0.880583 0.757021 0.019111 0.024719
0 0.871926 0.447831 0.019627 0.022676
0 0.733010 0.261455 0.021049 0.025577
0 0.886107 0.594746 0.026238 0.032379
0 0.765357 0.358629 0.022374 0.026580
0 0.565728 0.880087 0.027828 0.039371
0 0.601431 0.490568 0.027243 0.034815
0 0.780475 0.412985 0.016242 0.021860
0 0.781714 0.752135 0.016083 0.022252
0 0.756445 0.327735 0.025140 0.035521
0 0.652257 0.435919 0.023814 0.032984
0 0.577872 0.820624 0.022642 0.027460
0 0.544655 0.729420 0.026576 0.033615
0 0.825035 0.905798 0.016893 0.020407
0 0.478331 0.594697 0.054448 0.067327
0 0.895019 0.695632 0.017592 0.023290
0 0.788859 0.939537 0.034068 0.043212
0 0.811699 0.525875 0.019744 0.023962
0 0.604045 0.897555 0.023002 0.032532
0 0.509422 0.601741 0.039416 0.050468
0 0.797355 0.405000 0.019424 0.022473
0 0.882093 0.664304 0.021131 0.026231
0 0.734372 0.016295 0.022933 0.026880
0 0.554172 0.906165 0.026101 0.036844
0 0.867552 0.643122 0.023183 0.032854
0 0.733931 0.317087 0.028527 0.036476
0 0.830185 0.567201 0.017321 0.021034
0 0.978829 0.379838 0.022650 0.028870
0 0.190137 0.671077 0.028708 0.038699
0 0.579244 0.851541 0.022528 0.027198
0 0.768620 0.756289 0.014778 0.020427
0 0.452137 0.941350 0.025331 0.034749
0 0.936072 0.763809 0.019829 0.027120
0 0.966852 0.399686 0.020605 0.025851
0 0.817537 0.466613 0.017479 0.022913
0 0.771438 0.739615 0.017550 0.020307
0 0.760553 0.869249 0.016232 0.018617
0 0.909285 0.620019 0.017830 0.021562
0 0.746833 0.270509 0.019668 0.026200
0 0.932118 0.718504 0.022625 0.036642
0 0.848814 0.763080 0.014822 0.021371
0 0.889904 0.434403 0.019180 0.025681
0 0.792592 0.308176 0.019404 0.025661
0 0.905784 0.641615 0.014025 0.017053
0 0.759025 0.157597 0.034955 0.042196
0 0.782953 0.346824 0.017262 0.021290
0 0.421104 0.759221 0.037136 0.050887
0 0.761176 0.498662 0.016133 0.020227
0 0.792940 0.729542 0.018265 0.021503
0 0.924181 0.771867 0.020441 0.022794
0 0.829099 0.537793 0.019105 0.022824
0 0.887433 0.454798 0.018143 0.021918
0 0.708819 0.755798 0.018779 0.021827
0 0.906038 0.817738 0.035803 0.041625
0 0.891574 0.526813 0.017910 0.018824
0 0.897618 0.488309 0.014976 0.017311
0 0.792877 0.320583 0.018536 0.024586
0 0.895191 0.274916 0.019680 0.026134
0 0.866050 0.871574 0.014269 0.026501
0 0.138920 0.660098 0.026787 0.030956
0 0.726194 0.278924 0.022507 0.026523
0 0.783546 0.727187 0.012050 0.018949
0 0.841774 0.552603 0.016550 0.022577
0 0.933611 0.858862 0.019767 0.020647
0 0.763019 0.826456 0.014157 0.018341
0 0.801850 0.459109 0.016956 0.021088
0 0.824275 0.950529 0.024397 0.030008
0 0.767026 0.301693 0.023155 0.029623
0 0.932208 0.663128 0.015617 0.020135
0 0.936151 0.794052 0.021263 0.025316
0 0.910850 0.916781 0.022737 0.026702
0 0.682657 0.431311 0.019541 0.027910
0 0.722235 0.743382 0.020175 0.023186
0 0.866688 0.755181 0.012927 0.024068
0 0.913882 0.474250 0.016379 0.020959
0 0.851729 0.676252 0.012291 0.018079
0 0.941756 0.717748 0.027144 0.037040
0 0.744048 0.316373 0.016527 0.032711
0 0.799500 0.980919 0.024131 0.029574
0 0.712799 0.010470 0.020498 0.017538
0 0.979670 0.783268 0.025393 0.034254
0 0.375071 0.020240 0.020838 0.027438
0 0.927164 0.898773 0.016563 0.021449
0 0.816356 0.428869 0.015157 0.019563
0 0.690678 0.592435 0.021348 0.029705
0 0.869672 0.409784 0.014388 0.018609
0 0.781687 0.320788 0.018997 0.024916
0 0.828648 0.928940 0.020696 0.024598
0 0.761634 0.301446 0.019928 0.029586
0 0.836384 0.463396 0.014507 0.022524
0 0.962009 0.027216 0.039366 0.049081
0 0.891231 0.871344 0.024682 0.029189
0 0.885531 0.777684 0.016402 0.017839
0 0.870650 0.732147 0.012105 0.019517
0 0.910798 0.936074 0.024392 0.029134
0 0.820260 0.393562 0.012739 0.015420
0 0.811076 0.433863 0.016586 0.020748
0 0.971619 0.426839 0.017214 0.021918
0 0.861379 0.734465 0.016832 0.020581
0 0.908787 0.476820 0.016183 0.024170
0 0.832737 0.430632 0.013677 0.019294
0 0.705216 0.793519 0.016458 0.018784
0 0.909354 0.885244 0.022626 0.022752
0 0.906997 0.494471 0.015817 0.017310
0 0.396949 0.042611 0.016912 0.020721
0 0.904597 0.849726 0.035566 0.054723
0 0.984014 0.414750 0.015997 0.021962
0 0.744181 0.646828 0.032617 0.045257
0 0.877427 0.482417 0.014784 0.021146
0 0.701027 0.548495 0.015784 0.018669
0 0.940481 0.687701 0.017885 0.022000
0 0.983483 0.783640 0.020354 0.033195
0 0.967648 0.479858 0.017984 0.025155
0 0.683737 0.576498 0.018689 0.024788
0 0.838245 0.465369 0.014640 0.019980
0 0.897073 0.719204 0.011068 0.020542
0 0.481761 0.054265 0.064559 0.090207
0 0.501013 0.012039 0.022281 0.017178
0 0.475746 0.013547 0.020275 0.020867
0 0.865677 0.647684 0.023770 0.033561
0 0.985209 0.071522 0.019889 0.022620
0 0.866435 0.654970 0.023083 0.028528
0 0.909507 0.928195 0.022969 0.028510
0 0.455783 0.692932 0.049494 0.055419
0 0.942601 0.012701 0.045588 0.025403
0 0.748308 0.870823 0.012570 0.017491
0 0.961553 0.798936 0.023257 0.033295
0 0.755393 0.553623 0.012875 0.018316
0 0.694357 0.569846 0.017592 0.022468
0 0.428811 0.680995 0.036517 0.047322
0 0.751084 0.891141 0.014301 0.018290
0 0.927002 0.770484 0.022385 0.023650
0 0.833452 0.679456 0.013467 0.018711
0 0.790778 0.537052 0.015315 0.021870
0 0.010996 0.015123 0.021992 0.030247
0 0.984409 0.432697 0.016980 0.021071
0 0.906975 0.814428 0.028560 0.031493
0 0.759183 0.324935 0.020807 0.029712
0 0.779978 0.534400 0.013246 0.022570
0 0.887931 0.446632 0.018677 0.021711
0 0.776136 0.304501 0.025179 0.031902
0 0.804776 0.801282 0.013903 0.017874
0 0.812975 0.930346 0.018351 0.024934
0 0.503062 0.010140 0.022543 0.015540
0 0.922853 0.711775 0.016799 0.025317
0 0.892669 0.948974 0.023808 0.031168
0 0.517728 0.064731 0.029385 0.035705
0 0.749317 0.660710 0.031900 0.042476
0 0.910014 0.615995 0.019054 0.024433
0 0.428347 0.787166 0.031734 0.041710
0 0.750680 0.666668 0.026654 0.041147
