0 0.218973 0.716440 0.027216 0.034793
0 0.199914 0.747870 0.027386 0.034783
0 0.580457 0.617675 0.021814 0.026931
0 0.117125 0.705034 0.033982 0.041707
0 0.275950 0.416048 0.023068 0.030879
0 0.240739 0.709660 0.022591 0.026550
0 0.367122 0.485399 0.023592 0.028587
0 0.068882 0.633851 0.041451 0.054588
0 0.668716 0.741164 0.016152 0.018556
0 0.702180 0.413174 0.025506 0.035149
0 0.152719 0.415179 0.024360 0.029955
0 0.789729 0.492312 0.030385 0.039262
0 0.671555 0.810034 0.015241 0.018633
0 0.619428 0.952220 0.019203 0.024941
0 0.636012 0.731025 0.018005 0.022420
0 0.377752 0.343920 0.023068 0.030192
0 0.672516 0.453853 0.042166 0.055168
0 0.630985 0.761640 0.031521 0.039174
0 0.104153 0.166494 0.026773 0.037204
0 0.933223 0.399701 0.029557 0.040380
0 0.257657 0.911374 0.027155 0.033196
0 0.619342 0.852606 0.015823 0.020224
0 0.210954 0.356474 0.017938 0.022939
0 0.134474 0.469110 0.025255 0.034366
0 0.095103 0.665976 0.044342 0.060697
0 0.207340 0.066291 0.022867 0.031514
0 0.219479 0.045664 0.023360 0.029927
0 0.654690 0.769454 0.025589 0.034695
0 0.205293 0.303285 0.027041 0.038464
0 0.145652 0.371515 0.017306 0.025358
0 0.485553 0.781759 0.070700 0.081420
0 0.130908 0.590308 0.019566 0.028083
0 0.681947 0.926461 0.021115 0.023412
0 0.259293 0.253822 0.020394 0.026823
0 0.129593 0.630691 0.040271 0.056906
0 0.095736 0.260298 0.013555 0.018154
0 0.160054 0.610586 0.020565 0.023519
0 0.200814 0.296290 0.032023 0.046381
0 0.653323 0.720982 0.018730 0.023991
0 0.531622 0.671081 0.021741 0.028584
0 0.108104 0.259892 0.013833 0.019773
0 0.687779 0.418358 0.020326 0.035931
0 0.794886 0.965731 0.025443 0.028530
0 0.224271 0.348832 0.023097 0.028924
0 0.657906 0.712251 0.015361 0.020403
0 0.495284 0.834113 0.070559 0.087800
0 0.024515 0.324966 0.023440 0.029091
0 0.144161 0.446145 0.020627 0.028282
0 0.104174 0.213492 0.015908 0.022940
0 0.136762 0.560011 0.018692 0.026683
0 0.805937 0.191510 0.041418 0.053079
0 0.229454 0.314240 0.027001 0.034845
0 0.084224 0.162960 0.015307 0.026813
0 0.241964 0.320268 0.028290 0.039166
0 0.199499 0.048613 0.025883 0.039578
0 0.650441 0.727888 0.018312 0.023375
0 0.605415 0.557879 0.019120 0.027879
0 0.763637 0.967178 0.017903 0.023574
0 0.216491 0.242820 0.016232 0.022516
0 0.210490 0.353695 0.020692 0.030091
0 0.122388 0.264861 0.017682 0.023364
0 0.239947 0.313934 0.026608 0.030870
0 0.158514 0.347281 0.020516 0.025586
0 0.070208 0.242992 0.012163 0.017956
0 0.598358 0.518209 0.019171 0.027401
0 0.582465 0.908096 0.028964 0.033488
0 0.637437 0.735727 0.022835 0.021496
0 0.224574 0.024565 0.019787 0.024723
0 0.233691 0.713137 0.027874 0.033487
0 0.587179 0.554464 0.026954 0.039390
0 0.561923 0.481226 0.022178 0.024523
0 0.109894 0.632269 0.031205 0.056847
0 0.721638 0.955377 0.015704 0.019692
0 0.828919 0.973102 0.024483 0.030188
0 0.577775 0.495701 0.021993 0.023593
0 0.156915 0.204691 0.012216 0.017203
0 0.898740 0.981177 0.018413 0.023412
