0 0.188726 0.066027 0.026081 0.031763
0 0.169767 0.051263 0.029039 0.036550
0 0.191047 0.047334 0.026599 0.031403
0 0.412121 0.344529 0.019910 0.026581
0 0.553844 0.804017 0.025016 0.031326
0 0.767272 0.936802 0.024628 0.031723
0 0.256540 0.952170 0.044475 0.057717
0 0.519639 0.184959 0.036688 0.048182
0 0.886715 0.732147 0.029252 0.039631
0 0.067050 0.683069 0.028345 0.034862
0 0.564834 0.662086 0.023695 0.031119
0 0.361825 0.273045 0.045940 0.067350
0 0.976638 0.812366 0.029250 0.039550
0 0.396206 0.386671 0.019771 0.027968
0 0.765468 0.815932 0.025434 0.030551
0 0.373170 0.327505 0.043715 0.059415
0 0.176966 0.983379 0.025117 0.026786
0 0.321181 0.788202 0.034168 0.043075
0 0.434579 0.264531 0.070051 0.094170
0 0.339138 0.142370 0.090772 0.130538
0 0.339302 0.732929 0.029147 0.037232
0 0.142367 0.972705 0.038720 0.045376
0 0.162552 0.066760 0.021612 0.028530
0 0.859414 0.772462 0.046008 0.058859
0 0.461414 0.233259 0.067573 0.088870
0 0.785116 0.837017 0.021262 0.025357
0 0.385556 0.373576 0.027040 0.036432
0 0.771919 0.873948 0.023929 0.038945
0 0.791831 0.877560 0.020868 0.028921
0 0.876476 0.737075 0.025947 0.041868
0 0.443384 0.158699 0.064880 0.085141
0 0.409702 0.366094 0.021858 0.028869
0 0.481625 0.186087 0.066949 0.093465
0 0.380314 0.332109 0.036921 0.047834
0 0.324394 0.877019 0.019355 0.026974
0 0.446335 0.572190 0.022389 0.029681
0 0.322398 0.239325 0.065794 0.082537
0 0.587771 0.361169 0.025290 0.029324
0 0.420025 0.640673 0.052794 0.060711
0 0.167469 0.057250 0.029724 0.043678
0 0.401226 0.212741 0.058645 0.080042
0 0.783818 0.878105 0.028111 0.035037
0 0.280691 0.973868 0.048280 0.050982
0 0.386952 0.366128 0.029399 0.045277
0 0.163893 0.016197 0.041473 0.025767
0 0.777567 0.866032 0.024162 0.030139
0 0.979856 0.326750 0.029106 0.056205
0 0.377776 0.153567 0.022196 0.029296
