0 0.577938 0.657731 0.019903 0.027013
0 0.278139 0.577057 0.015665 0.018589
0 0.449596 0.840625 0.023905 0.031724
0 0.430253 0.504929 0.021552 0.030045
0 0.517498 0.105247 0.027261 0.035953
0 0.567460 0.335795 0.020039 0.027692
0 0.455987 0.507057 0.023269 0.027341
0 0.414856 0.691090 0.023961 0.031217
0 0.793547 0.689585 0.016690 0.025379
0 0.049757 0.687068 0.026879 0.033747
0 0.131412 0.493045 0.018159 0.022598
0 0.472002 0.376705 0.024820 0.028391
0 0.742459 0.548014 0.021805 0.029903
0 0.399707 0.507467 0.023907 0.031015
0 0.510093 0.393383 0.024863 0.032644
0 0.383238 0.507544 0.023381 0.033043
0 0.376322 0.331524 0.022778 0.026391
0 0.444950 0.252480 0.022136 0.028280
0 0.934632 0.598046 0.025727 0.027971
0 0.916410 0.693734 0.018060 0.023424
0 0.044217 0.849267 0.020637 0.024765
0 0.755071 0.193197 0.020754 0.026059
0 0.475465 0.211873 0.023741 0.032249
0 0.314496 0.501831 0.024600 0.032603
0 0.141019 0.471510 0.021630 0.028083
0 0.352126 0.615030 0.023013 0.027386
0 0.678136 0.652391 0.016973 0.022933
0 0.372844 0.608464 0.017391 0.017693
0 0.298222 0.555038 0.019611 0.027565
0 0.521593 0.341324 0.023087 0.030013
0 0.791905 0.494933 0.016230 0.020617
0 0.044609 0.756385 0.022332 0.027488
0 0.872625 0.482750 0.026510 0.035553
0 0.792884 0.314838 0.024098 0.034012
0 0.606676 0.092278 0.019603 0.027724
0 0.167921 0.553675 0.016557 0.020778
0 0.202709 0.780320 0.018847 0.025273
0 0.770473 0.726252 0.018649 0.024774
0 0.643568 0.528669 0.014988 0.019789
0 0.889699 0.818232 0.021062 0.028189
0 0.691086 0.490711 0.018759 0.021297
0 0.404574 0.424597 0.022453 0.033654
0 0.645007 0.489946 0.015659 0.019225
0 0.611903 0.710885 0.017054 0.025679
0 0.517697 0.030659 0.026071 0.034466
0 0.058270 0.787827 0.017801 0.022751
0 0.132315 0.572157 0.016495 0.022799
0 0.819267 0.700510 0.026092 0.038932
0 0.162009 0.578340 0.017365 0.023703
0 0.852378 0.939890 0.035839 0.049969
0 0.858744 0.604365 0.021906 0.031114
0 0.199023 0.613953 0.024804 0.030163
0 0.645325 0.039965 0.022628 0.030018
0 0.101063 0.857312 0.022950 0.031144
0 0.758020 0.637989 0.025477 0.039637
0 0.029919 0.738601 0.027480 0.041890
0 0.749667 0.888737 0.044648 0.063466
0 0.212055 0.487162 0.024315 0.030101
0 0.762509 0.560732 0.024127 0.031350
0 0.939862 0.654496 0.021834 0.026803
0 0.716716 0.202360 0.023898 0.034164
0 0.321661 0.165861 0.020643 0.029662
0 0.808358 0.505373 0.018828 0.020829
0 0.878983 0.580994 0.026645 0.040062
0 0.918872 0.080999 0.026252 0.039936
0 0.865331 0.876984 0.033698 0.052352
0 0.365709 0.685987 0.024738 0.033718
0 0.822473 0.328511 0.024473 0.027591
0 0.356831 0.923218 0.033453 0.042684
0 0.318957 0.229271 0.022057 0.027251
0 0.055212 0.524344 0.018235 0.020460
0 0.847211 0.889038 0.031942 0.046023
0 0.150005 0.504435 0.014725 0.019620
0 0.334215 0.654686 0.017768 0.024331
0 0.418573 0.527752 0.016586 0.021699
0 0.665055 0.412873 0.015578 0.021640
0 0.378964 0.689444 0.020855 0.030936
0 0.928572 0.792151 0.035862 0.052383
0 0.894538 0.071875 0.027614 0.037900
0 0.950650 0.780221 0.028546 0.038536
0 0.439729 0.080160 0.026634 0.035387
0 0.751016 0.692274 0.018371 0.024278
0 0.267831 0.975777 0.031806 0.036899
0 0.407422 0.729732 0.017049 0.021375
0 0.942489 0.723981 0.029742 0.032361
0 0.677926 0.613456 0.021881 0.025578
0 0.761035 0.523147 0.019732 0.028767
0 0.741017 0.638055 0.027489 0.042405
0 0.155014 0.048827 0.030672 0.041330
0 0.505006 0.365644 0.020272 0.032858
0 0.677040 0.538444 0.021900 0.027012
0 0.608145 0.031995 0.042736 0.058493
0 0.438902 0.731818 0.020807 0.027917
0 0.759782 0.707994 0.019291 0.027832
0 0.543735 0.339364 0.020976 0.023249
0 0.821842 0.342770 0.031404 0.042041
0 0.191982 0.553078 0.017097 0.022058
0 0.661505 0.650798 0.017639 0.024243
0 0.347101 0.616910 0.021508 0.029082
0 0.307361 0.591740 0.016625 0.023271
0 0.911506 0.519206 0.044537 0.061500
0 0.532474 0.019545 0.025813 0.034427
0 0.657306 0.966832 0.045651 0.059205
0 0.789900 0.846372 0.084372 0.139826
0 0.534287 0.620909 0.030168 0.047942
0 0.404527 0.203933 0.018598 0.022311
0 0.977302 0.790219 0.024636 0.031783
0 0.162801 0.769464 0.017165 0.027876
0 0.440140 0.736964 0.021605 0.027445
0 0.193367 0.424961 0.023418 0.025449
0 0.310627 0.542391 0.018305 0.017394
0 0.698415 0.653392 0.015826 0.020834
0 0.707415 0.529385 0.015338 0.021990
0 0.389156 0.891137 0.016449 0.018037
0 0.948101 0.760873 0.026440 0.027359
0 0.674535 0.388187 0.015805 0.021594
0 0.072895 0.712309 0.017185 0.022255
0 0.149905 0.525815 0.014925 0.017331
0 0.599395 0.690544 0.016107 0.020990
0 0.297605 0.610753 0.016409 0.020828
0 0.746246 0.365546 0.025396 0.035901
0 0.319475 0.573959 0.017728 0.020449
0 0.730595 0.547967 0.016970 0.027136
0 0.395750 0.908242 0.021793 0.025554
0 0.774230 0.689583 0.018345 0.020282
0 0.665297 0.074292 0.030714 0.041411
0 0.608704 0.343150 0.039347 0.056339
0 0.395310 0.721217 0.013976 0.019568
0 0.497949 0.609367 0.016472 0.021432
0 0.325701 0.244211 0.020719 0.026457
0 0.191924 0.073388 0.025283 0.034583
0 0.224859 0.684545 0.015672 0.024306
0 0.561260 0.057550 0.033344 0.049594
0 0.158610 0.800651 0.020978 0.025327
0 0.734107 0.182408 0.020979 0.027705
0 0.332274 0.968352 0.019669 0.029131
0 0.516741 0.734629 0.018580 0.026660
0 0.159880 0.043036 0.025405 0.036655
0 0.380684 0.928305 0.029628 0.042971
0 0.892395 0.684167 0.017877 0.020419
0 0.791061 0.562443 0.018891 0.022590
0 0.491830 0.308402 0.046429 0.062720
0 0.205574 0.521340 0.021730 0.022800
0 0.546594 0.599201 0.020659 0.028856
0 0.060999 0.579207 0.016611 0.019428
0 0.035807 0.541045 0.019867 0.022224
0 0.165745 0.841982 0.021492 0.022877
0 0.563230 0.051529 0.029724 0.040784
0 0.629232 0.568548 0.014973 0.021120
0 0.177413 0.858802 0.016247 0.028291
0 0.180163 0.042910 0.018882 0.025643
0 0.873645 0.928338 0.026690 0.035748
0 0.538559 0.363764 0.029833 0.039477
0 0.497194 0.222275 0.020637 0.031698
0 0.732187 0.132437 0.018902 0.029039
0 0.609669 0.954937 0.039845 0.051102
0 0.979552 0.982977 0.038785 0.034045
0 0.046292 0.543723 0.012403 0.023594
0 0.182914 0.970521 0.021875 0.031453
0 0.058477 0.810901 0.012412 0.018878
0 0.733944 0.548357 0.020750 0.027884
0 0.202746 0.386478 0.021993 0.027794
0 0.532684 0.277269 0.028242 0.039825
0 0.688412 0.043286 0.022545 0.028710
0 0.725728 0.465261 0.016373 0.023550
0 0.028835 0.960488 0.016925 0.023960
0 0.777057 0.208380 0.024186 0.027614
0 0.080913 0.861533 0.014427 0.018459
0 0.571033 0.087223 0.021100 0.025384
0 0.631964 0.087844 0.025809 0.035225
0 0.346484 0.687718 0.018481 0.023016
0 0.730527 0.388115 0.025772 0.026402
0 0.106288 0.018970 0.028326 0.034524
0 0.203585 0.465675 0.020134 0.028476
0 0.763857 0.134731 0.024065 0.028617
0 0.795872 0.472022 0.017928 0.020354
0 0.317306 0.559606 0.020033 0.025448
0 0.502748 0.813256 0.019201 0.022440
0 0.691818 0.410459 0.015480 0.022018
0 0.269527 0.722561 0.021962 0.028495
0 0.898212 0.739079 0.027268 0.038192
0 0.705155 0.447627 0.012646 0.021016
0 0.594753 0.405549 0.017843 0.022269
0 0.911218 0.493542 0.033367 0.040900
0 0.168449 0.973115 0.021050 0.030652
0 0.098078 0.904842 0.034786 0.047346
0 0.696545 0.549172 0.017290 0.023472
0 0.507555 0.566339 0.017635 0.022482
0 0.356667 0.975339 0.040714 0.043408
0 0.127474 0.121529 0.034319 0.044417
0 0.062067 0.759796 0.017123 0.024469
0 0.417837 0.118808 0.022786 0.029467
0 0.511627 0.734297 0.021404 0.027181
0 0.792821 0.864157 0.076967 0.108606
0 0.738885 0.525222 0.017560 0.027009
0 0.215366 0.414847 0.026884 0.038889
0 0.329021 0.693352 0.012290 0.019149
0 0.727261 0.409134 0.020983 0.026383
0 0.139648 0.069898 0.024094 0.029059
0 0.150134 0.047147 0.029070 0.041008
0 0.533425 0.368248 0.035060 0.044040
0 0.748708 0.478537 0.019844 0.022680
0 0.727441 0.391113 0.021997 0.026399
0 0.027827 0.774481 0.018258 0.017642
0 0.409328 0.973995 0.025955 0.038750
0 0.151394 0.878285 0.020330 0.026736
0 0.669354 0.417677 0.014639 0.021314
0 0.759878 0.563390 0.026256 0.030818
0 0.885565 0.487638 0.028550 0.038665
0 0.789368 0.159546 0.043835 0.058031
0 0.302249 0.619370 0.014474 0.020116
0 0.215209 0.845647 0.017873 0.021832
0 0.343737 0.708140 0.016934 0.022058
0 0.782797 0.552133 0.026785 0.033205
0 0.263738 0.615736 0.016503 0.024384
0 0.123537 0.971775 0.030887 0.041751
0 0.438839 0.504637 0.018573 0.031733
0 0.354399 0.070984 0.016133 0.021628
0 0.131704 0.739573 0.018415 0.025153
0 0.530099 0.132475 0.025488 0.036208
0 0.704559 0.467003 0.020375 0.026647
0 0.569885 0.113997 0.022883 0.027848
0 0.765443 0.427668 0.045856 0.058531
0 0.042579 0.060267 0.030962 0.040775
0 0.540877 0.298941 0.025384 0.029670
0 0.682567 0.620065 0.022214 0.030900
0 0.797806 0.525871 0.018699 0.020059
0 0.214606 0.446515 0.024626 0.028673
0 0.234868 0.421613 0.020880 0.023906
0 0.606675 0.671780 0.016085 0.018828
0 0.059861 0.367644 0.018225 0.024838
0 0.685738 0.094916 0.023472 0.034012
0 0.723870 0.970899 0.033457 0.042764
0 0.189612 0.526227 0.015033 0.021374
0 0.508842 0.622855 0.016829 0.024449
0 0.757559 0.456502 0.022954 0.024301
0 0.044308 0.797799 0.015486 0.018728
0 0.386646 0.965219 0.037068 0.048719
0 0.184194 0.521570 0.022607 0.023376
0 0.350851 0.660743 0.016082 0.020108
0 0.352881 0.740300 0.017278 0.019174
0 0.178589 0.762332 0.026275 0.035489
0 0.493750 0.208324 0.020658 0.030891
0 0.741432 0.213504 0.019091 0.027445
0 0.035284 0.825052 0.014470 0.019569
0 0.877946 0.590369 0.026276 0.033216
0 0.740978 0.569084 0.015766 0.022691
0 0.561428 0.015482 0.025134 0.027490
0 0.354325 0.233882 0.014914 0.021178
0 0.394064 0.939792 0.028228 0.040072
0 0.184421 0.411035 0.018551 0.025195
0 0.319708 0.609017 0.013130 0.016178
0 0.725714 0.408187 0.019551 0.021332
0 0.431493 0.705101 0.013187 0.015554
0 0.706234 0.095810 0.031038 0.033063
0 0.681884 0.408702 0.014401 0.020774
0 0.868931 0.532486 0.054851 0.070844
0 0.735836 0.526392 0.018054 0.025125
0 0.262456 0.612233 0.015484 0.026313
0 0.777817 0.222430 0.021322 0.025865
0 0.937664 0.657194 0.021444 0.026927
0 0.926609 0.668084 0.013713 0.019405
0 0.696036 0.385483 0.018710 0.021035
0 0.323934 0.715687 0.015251 0.022400
0 0.756708 0.170873 0.020583 0.021863
0 0.878765 0.041418 0.037355 0.049666
0 0.896992 0.104242 0.022197 0.028964
0 0.507738 0.712527 0.021247 0.026645
0 0.691683 0.503508 0.019410 0.022454
0 0.508671 0.203499 0.022231 0.025916
0 0.560759 0.090464 0.018117 0.028015
0 0.204996 0.072663 0.024381 0.035292
0 0.434432 0.103237 0.022405 0.022028
0 0.586208 0.318805 0.026791 0.034343
0 0.383072 0.959678 0.043022 0.053306
0 0.750739 0.494128 0.021417 0.026339
0 0.719994 0.119743 0.025583 0.034528
0 0.734674 0.493820 0.015939 0.017762
0 0.737475 0.548885 0.020175 0.029121
0 0.846529 0.576752 0.024441 0.028625
0 0.100703 0.780824 0.023153 0.027281
0 0.282417 0.606954 0.011527 0.020202
0 0.578264 0.705764 0.019512 0.026952
0 0.081936 0.875072 0.016419 0.023168
0 0.792122 0.686872 0.015841 0.021232
0 0.321482 0.240276 0.026402 0.035587
0 0.181580 0.926456 0.016132 0.017382
0 0.539645 0.112415 0.020986 0.026192
0 0.697601 0.077603 0.028599 0.037411
0 0.519085 0.367466 0.029754 0.040253
0 0.757805 0.963197 0.023688 0.036605
0 0.720525 0.505769 0.014548 0.017779
0 0.642543 0.409834 0.013916 0.014844
0 0.148944 0.956841 0.028313 0.038127
0 0.533654 0.101086 0.021523 0.029432
0 0.415600 0.261860 0.012796 0.017375
0 0.135905 0.522243 0.014839 0.017867
0 0.202779 0.411075 0.023187 0.034356
0 0.860966 0.887268 0.033596 0.049469
0 0.065345 0.545030 0.015769 0.020724
