0 0.728669 0.885394 0.027430 0.035561
0 0.361098 0.160407 0.068902 0.090325
0 0.217022 0.900669 0.047805 0.061483
0 0.952767 0.453848 0.031615 0.039510
0 0.281796 0.194412 0.074575 0.111229
0 0.333849 0.275650 0.052866 0.069274
0 0.026978 0.632500 0.029587 0.038028
0 0.951900 0.271832 0.035639 0.046228
0 0.513896 0.753265 0.029009 0.036413
0 0.938582 0.758545 0.029564 0.039881
0 0.819896 0.719165 0.051331 0.065306
0 0.727490 0.764623 0.029644 0.037601
0 0.103084 0.923567 0.039685 0.049469
0 0.316558 0.221940 0.059954 0.082192
0 0.842875 0.681716 0.040014 0.054202
0 0.300714 0.089634 0.106881 0.142175
0 0.137016 0.946455 0.036618 0.056981
0 0.394816 0.213024 0.076809 0.103578
0 0.354904 0.334327 0.027823 0.038445
0 0.298949 0.682229 0.034243 0.044160
0 0.242222 0.941109 0.049836 0.064101
0 0.406315 0.521061 0.028811 0.036994
0 0.409113 0.118012 0.090415 0.123626
0 0.367500 0.310714 0.034899 0.047219
0 0.524704 0.609416 0.028133 0.037458
0 0.263824 0.972997 0.039819 0.044611
0 0.283686 0.734058 0.046002 0.059019
0 0.679666 0.939146 0.027380 0.036188
0 0.365673 0.978654 0.028840 0.033328
0 0.345918 0.317979 0.040216 0.061431
0 0.120008 0.960319 0.043257 0.052413
0 0.742517 0.822867 0.043099 0.052822
0 0.547730 0.307363 0.032086 0.040337
0 0.143890 0.018149 0.037351 0.030607
0 0.268706 0.902571 0.066748 0.081336
0 0.368606 0.301586 0.034711 0.054227
0 0.387246 0.976896 0.028530 0.033177
0 0.379147 0.595939 0.062374 0.083555
0 0.745597 0.783402 0.022939 0.034000
0 0.400942 0.200991 0.084125 0.116619
0 0.419523 0.145043 0.134776 0.189185
0 0.370901 0.618177 0.053177 0.059697
