0 0.841743 0.690831 0.019975 0.023146
0 0.538453 0.301214 0.027111 0.033618
0 0.074310 0.816950 0.024782 0.033136
0 0.151737 0.750078 0.025629 0.033151
0 0.197071 0.722897 0.022116 0.029491
0 0.537126 0.848006 0.025807 0.032383
0 0.747010 0.695688 0.026547 0.033290
0 0.644774 0.622752 0.027556 0.034650
0 0.424781 0.523727 0.023433 0.030721
0 0.857675 0.786648 0.030080 0.037477
0 0.235325 0.602307 0.030901 0.036798
0 0.838093 0.717932 0.026129 0.027364
0 0.712330 0.313314 0.025404 0.030532
0 0.555351 0.473926 0.024311 0.037297
0 0.712948 0.782501 0.024339 0.031235
0 0.081529 0.498566 0.027706 0.034348
0 0.248869 0.619078 0.018610 0.024498
0 0.377867 0.771507 0.020851 0.024114
0 0.276372 0.770514 0.028402 0.035756
0 0.406803 0.568059 0.024928 0.030197
0 0.688620 0.128138 0.017575 0.024080
0 0.916958 0.798847 0.021957 0.027912
0 0.786745 0.090396 0.026350 0.036463
0 0.326750 0.679811 0.021875 0.033078
0 0.585798 0.032845 0.028851 0.037129
0 0.728985 0.307330 0.012935 0.020877
0 0.545295 0.746957 0.026571 0.035063
0 0.497353 0.350992 0.019409 0.028750
0 0.925998 0.736121 0.025370 0.031963
0 0.957098 0.017781 0.029333 0.034413
0 0.129324 0.927589 0.040059 0.056110
0 0.851474 0.776874 0.021992 0.023733
0 0.739392 0.240995 0.021413 0.025465
0 0.426466 0.307855 0.020949 0.023607
0 0.683839 0.128587 0.022741 0.023679
0 0.396915 0.033474 0.025892 0.030557
0 0.431290 0.308595 0.021545 0.023995
0 0.724500 0.114453 0.015392 0.022016
0 0.880169 0.686492 0.020337 0.023533
0 0.144593 0.925667 0.027263 0.043484
0 0.593556 0.396736 0.014965 0.021130
0 0.632428 0.284235 0.035379 0.055868
