0 0.372209 0.926502 0.017966 0.020478
0 0.579965 0.611867 0.019921 0.021777
0 0.626730 0.738077 0.022145 0.026766
0 0.677476 0.669933 0.026656 0.032580
0 0.758905 0.477495 0.022949 0.027416
0 0.853049 0.667911 0.020426 0.026182
0 0.826390 0.596719 0.027598 0.033768
0 0.336962 0.803928 0.022235 0.027520
0 0.682483 0.508035 0.019543 0.022886
0 0.608115 0.636475 0.016911 0.022993
0 0.594897 0.098241 0.029208 0.036398
0 0.669201 0.559207 0.014237 0.017161
0 0.658320 0.721014 0.023883 0.036886
0 0.795817 0.535847 0.021749 0.023840
0 0.905519 0.562358 0.021283 0.029276
0 0.805797 0.839915 0.018222 0.026723
0 0.539914 0.346661 0.017563 0.024165
0 0.788564 0.783855 0.020288 0.025093
0 0.370348 0.895788 0.019746 0.024113
0 0.802292 0.486738 0.017804 0.023031
0 0.301900 0.039342 0.039681 0.049626
0 0.519502 0.024221 0.041323 0.046935
0 0.977063 0.601513 0.030464 0.041233
0 0.814014 0.950514 0.021164 0.028576
0 0.729178 0.765108 0.020922 0.025791
0 0.309827 0.141147 0.024585 0.028530
0 0.789272 0.752849 0.018091 0.025265
0 0.776899 0.489016 0.016135 0.020772
0 0.552193 0.233183 0.035270 0.040024
0 0.948086 0.221389 0.032870 0.046094
0 0.468727 0.033735 0.041160 0.057456
0 0.664523 0.525411 0.018076 0.022789
0 0.765901 0.129986 0.021466 0.025788
0 0.791028 0.562413 0.022313 0.025425
0 0.689637 0.770991 0.015914 0.022700
0 0.895404 0.593575 0.031883 0.042189
0 0.675116 0.832840 0.019179 0.025161
0 0.769638 0.455414 0.024007 0.030028
0 0.357803 0.953932 0.024143 0.032052
0 0.840569 0.469486 0.024232 0.029099
0 0.830381 0.763499 0.023242 0.029486
0 0.604390 0.601346 0.020497 0.023434
0 0.930123 0.598439 0.028553 0.034878
0 0.899051 0.245697 0.035262 0.053550
0 0.395810 0.972793 0.021183 0.031434
0 0.563966 0.601837 0.018775 0.024734
0 0.832805 0.958236 0.022305 0.028938
0 0.779268 0.933610 0.023306 0.029984
0 0.846430 0.243903 0.035851 0.046415
0 0.674538 0.738524 0.020091 0.025393
0 0.603639 0.510567 0.013803 0.021605
0 0.627281 0.506723 0.013754 0.019236
0 0.041510 0.022886 0.043760 0.045038
0 0.754476 0.957475 0.026297 0.032629
0 0.941409 0.483443 0.027436 0.035230
0 0.550425 0.402729 0.024618 0.034532
0 0.553768 0.378166 0.020765 0.030154
0 0.568029 0.433218 0.038953 0.043844
0 0.575649 0.572746 0.015807 0.020369
0 0.445475 0.512429 0.022183 0.030836
0 0.574625 0.828023 0.015664 0.022707
0 0.664942 0.809024 0.012924 0.019118
0 0.778562 0.142317 0.019267 0.028765
0 0.830927 0.973574 0.024179 0.035102
0 0.679034 0.528742 0.017620 0.024972
0 0.584055 0.803242 0.020060 0.022091
0 0.817979 0.397944 0.037172 0.053049
0 0.192445 0.041922 0.045095 0.054457
0 0.784945 0.835837 0.016538 0.025211
0 0.761845 0.720390 0.017383 0.023593
0 0.591268 0.481142 0.016133 0.021170
0 0.526394 0.093289 0.024045 0.029635
0 0.606786 0.543456 0.012069 0.019746
0 0.657416 0.829923 0.014549 0.019839
0 0.759760 0.555397 0.018612 0.024609
0 0.768469 0.848191 0.019225 0.022290
0 0.569969 0.383378 0.026659 0.034764
0 0.215188 0.747615 0.018378 0.020928
0 0.766089 0.856485 0.017503 0.027876
0 0.691676 0.525707 0.018474 0.021656
0 0.555235 0.901807 0.013970 0.018436
0 0.809306 0.562924 0.016780 0.021170
0 0.796240 0.828267 0.020617 0.026561
0 0.622967 0.643257 0.018251 0.021068
0 0.777527 0.510518 0.015461 0.018346
0 0.624522 0.612202 0.017422 0.021518
0 0.769100 0.883850 0.018935 0.028766
0 0.214648 0.828497 0.030119 0.034496
0 0.658025 0.944313 0.017742 0.026194
0 0.821343 0.491857 0.019509 0.019710
0 0.247438 0.768281 0.029975 0.042736
0 0.521956 0.340984 0.022623 0.028920
0 0.544756 0.611135 0.013493 0.016308
0 0.830432 0.448715 0.024199 0.030878
0 0.690579 0.741318 0.014704 0.020773
0 0.168128 0.098319 0.025274 0.032665
0 0.737119 0.981354 0.022308 0.028062
0 0.962604 0.637038 0.026269 0.032837
0 0.508578 0.048334 0.034984 0.036686
0 0.782119 0.900647 0.025038 0.031501
0 0.633697 0.629634 0.015326 0.019922
0 0.552777 0.945934 0.015331 0.020372
0 0.793015 0.918692 0.021469 0.028000
0 0.483155 0.670840 0.018688 0.023625
0 0.818027 0.538201 0.020033 0.021926
0 0.629587 0.542025 0.016562 0.019906
0 0.585521 0.395324 0.018778 0.035304
0 0.561537 0.827672 0.015008 0.021921
0 0.833808 0.503645 0.017439 0.021303
0 0.729996 0.299508 0.015852 0.023539
0 0.723723 0.763325 0.022799 0.026122
0 0.594181 0.531590 0.017288 0.021387
0 0.220866 0.760745 0.021417 0.026672
0 0.721874 0.787588 0.020676 0.028945
0 0.782685 0.906119 0.027940 0.040604
0 0.692815 0.557737 0.019589 0.025537
0 0.843046 0.828278 0.020598 0.023581
0 0.742728 0.863974 0.015055 0.023413
0 0.656064 0.757189 0.016557 0.018751
0 0.746430 0.930648 0.024372 0.031145
0 0.559700 0.560956 0.018990 0.021958
0 0.684141 0.602885 0.017703 0.018908
0 0.757401 0.945303 0.024600 0.030667
0 0.815664 0.509355 0.016005 0.019616
0 0.274748 0.683122 0.057895 0.072939
0 0.695079 0.901867 0.046411 0.062635
0 0.728542 0.842371 0.027872 0.031844
0 0.403051 0.581667 0.053540 0.069839
0 0.668034 0.055241 0.031216 0.051132
0 0.723752 0.843394 0.025221 0.029197
0 0.758767 0.930379 0.022100 0.026459
0 0.983600 0.901388 0.022459 0.027912
0 0.498077 0.024018 0.030274 0.046245
0 0.756487 0.887938 0.023833 0.030837
0 0.747584 0.108050 0.027300 0.037771
0 0.686410 0.772783 0.015787 0.023198
0 0.577751 0.799941 0.016130 0.022721
0 0.187313 0.016093 0.041042 0.028428
0 0.742661 0.265652 0.019994 0.026938
0 0.749896 0.611476 0.021426 0.026426
0 0.269809 0.758369 0.016976 0.020615
0 0.818658 0.533406 0.020158 0.022864
0 0.244151 0.031971 0.045930 0.055946
0 0.983978 0.958485 0.028450 0.037619
0 0.770905 0.915364 0.021064 0.032212
0 0.700671 0.694863 0.017698 0.020144
0 0.841312 0.424898 0.033034 0.035310
0 0.767220 0.938923 0.022334 0.033422
0 0.763330 0.477668 0.025919 0.029729
0 0.748881 0.719985 0.014865 0.020322
0 0.959708 0.949754 0.024558 0.031319
0 0.705301 0.551748 0.014614 0.024332
0 0.190401 0.114700 0.023977 0.033130
0 0.763704 0.132761 0.020879 0.029106
0 0.241170 0.771777 0.030264 0.038085
0 0.727172 0.934376 0.019121 0.026938
0 0.073187 0.037052 0.036419 0.055186
0 0.796241 0.957621 0.021708 0.027302
0 0.395055 0.973873 0.024928 0.038345
0 0.936543 0.567572 0.036762 0.045438
0 0.640577 0.838182 0.016044 0.020125
0 0.617104 0.981202 0.018954 0.022192
0 0.823732 0.976858 0.027689 0.035847
0 0.582987 0.478141 0.014148 0.018636
0 0.188422 0.045619 0.048811 0.067504
0 0.579333 0.385428 0.025841 0.032682
0 0.268678 0.096080 0.022902 0.028505
0 0.228428 0.759503 0.018078 0.031709
0 0.790000 0.085725 0.024848 0.031803
0 0.729596 0.790318 0.021572 0.030382
0 0.894683 0.708504 0.020844 0.023108
0 0.612632 0.469607 0.015005 0.017867
0 0.780462 0.862066 0.018666 0.027993
0 0.536103 0.387422 0.017989 0.022372
0 0.755706 0.249049 0.016238 0.022559
0 0.182629 0.058875 0.036347 0.042152
0 0.541846 0.750980 0.021941 0.024062
0 0.592061 0.484533 0.017136 0.022219
0 0.287210 0.682248 0.078431 0.068781
0 0.992168 0.944345 0.014989 0.029458
0 0.747930 0.291362 0.016487 0.024131
0 0.503296 0.078982 0.028349 0.035399
0 0.807005 0.581290 0.016880 0.020103
0 0.246604 0.771375 0.041285 0.047465
0 0.705339 0.064398 0.032554 0.048465
0 0.583052 0.513033 0.017021 0.020532
0 0.720031 0.779106 0.020807 0.018825
0 0.536380 0.718375 0.028041 0.034499
0 0.627108 0.641303 0.017196 0.019223
0 0.765980 0.850396 0.016018 0.024576
0 0.703978 0.933768 0.022468 0.028996
0 0.961056 0.992712 0.032714 0.014092
0 0.687094 0.352450 0.020474 0.026404
0 0.751460 0.302280 0.021888 0.026548
