0 0.425550 0.799936 0.024026 0.030090
0 0.781702 0.550997 0.027839 0.039007
0 0.765788 0.378456 0.027079 0.033664
0 0.081453 0.781623 0.030271 0.038955
0 0.652120 0.600456 0.024371 0.031398
0 0.302642 0.893819 0.028297 0.036226
0 0.379562 0.827735 0.026431 0.034008
0 0.635474 0.645881 0.027599 0.031333
0 0.764715 0.924340 0.033066 0.041237
0 0.135927 0.449022 0.029817 0.036007
0 0.477818 0.695570 0.016845 0.025512
0 0.309734 0.575727 0.029512 0.036845
0 0.463203 0.681092 0.029328 0.036465
0 0.725237 0.430536 0.025060 0.035493
0 0.626163 0.039831 0.027982 0.037304
0 0.872151 0.699321 0.033750 0.039687
0 0.507444 0.847584 0.026766 0.030396
0 0.771557 0.823955 0.036682 0.046446
0 0.973008 0.771794 0.034427 0.042600
0 0.661752 0.386444 0.018216 0.024144
0 0.603706 0.849302 0.020801 0.027311
0 0.553335 0.756002 0.021928 0.033093
0 0.939762 0.858682 0.032883 0.042111
0 0.812943 0.110635 0.031282 0.041305
0 0.649819 0.383989 0.016823 0.025697
0 0.190680 0.973154 0.030594 0.037434
0 0.966578 0.317733 0.027256 0.035904
0 0.874919 0.414595 0.022263 0.026233
0 0.652142 0.600915 0.028174 0.039434
0 0.624483 0.112565 0.028047 0.031403
0 0.654200 0.385124 0.023753 0.025624
