0 0.575680 0.531657 0.025303 0.031395
0 0.401413 0.521018 0.029218 0.036951
0 0.917350 0.514181 0.024946 0.028373
0 0.706314 0.908660 0.018166 0.021919
0 0.651876 0.308507 0.021935 0.032063
0 0.287980 0.743440 0.023427 0.029347
0 0.610963 0.914355 0.027340 0.035046
0 0.908889 0.548622 0.026528 0.032465
0 0.592731 0.525351 0.013375 0.020028
0 0.877980 0.158342 0.025134 0.032773
0 0.261249 0.180524 0.022763 0.029770
0 0.822836 0.232516 0.021224 0.030457
0 0.824532 0.566796 0.030680 0.038653
0 0.259192 0.251856 0.023971 0.027226
0 0.508491 0.841593 0.028382 0.035674
0 0.708533 0.663180 0.034083 0.042513
0 0.442363 0.199483 0.025616 0.031437
0 0.898609 0.475332 0.024502 0.032436
0 0.448894 0.251416 0.028450 0.034345
0 0.949028 0.842875 0.044333 0.061610
0 0.789929 0.956112 0.025494 0.034435
0 0.175409 0.551291 0.034003 0.045753
0 0.097758 0.821491 0.028763 0.035937
0 0.550088 0.346290 0.022431 0.024898
0 0.112562 0.836054 0.020136 0.028023
0 0.453860 0.070496 0.021785 0.028503
0 0.177261 0.637970 0.058284 0.073401
0 0.895394 0.193161 0.018445 0.024171
0 0.015374 0.968973 0.030090 0.041712
0 0.270305 0.786903 0.027344 0.031790
0 0.458947 0.427082 0.033290 0.040347
0 0.061500 0.942092 0.028643 0.036526
0 0.980672 0.493363 0.023217 0.029934
0 0.419712 0.692232 0.025006 0.036918
0 0.984180 0.927234 0.031431 0.056426
0 0.546204 0.388886 0.017670 0.019949
0 0.518559 0.097788 0.021944 0.030944
0 0.253281 0.933109 0.067108 0.081361
0 0.944829 0.562630 0.019589 0.028149
0 0.361011 0.569883 0.019053 0.029153
0 0.727427 0.218800 0.018847 0.024798
0 0.703182 0.936332 0.025012 0.026424
0 0.264946 0.129178 0.020588 0.030209
0 0.898280 0.082351 0.017594 0.027856
0 0.546105 0.346880 0.023024 0.028033
0 0.727359 0.246117 0.017284 0.019838
0 0.744671 0.906410 0.017115 0.022686
0 0.620019 0.252699 0.015739 0.021868
0 0.410967 0.962174 0.030571 0.038056
0 0.294217 0.527837 0.022148 0.025054
0 0.272581 0.122300 0.023316 0.030084
0 0.612728 0.559434 0.014781 0.016578
0 0.961404 0.239383 0.026723 0.031557
0 0.978353 0.838869 0.029147 0.044795
0 0.603801 0.459152 0.021218 0.025818
0 0.898561 0.229833 0.014864 0.017732
0 0.704783 0.052056 0.017625 0.021470
0 0.290854 0.526570 0.023063 0.025357
0 0.837497 0.530903 0.031947 0.037610
0 0.726595 0.962872 0.029178 0.036750
0 0.942335 0.412775 0.027052 0.032933
0 0.835743 0.280464 0.014181 0.019149
0 0.631375 0.259122 0.012567 0.015854
0 0.208450 0.220107 0.027691 0.037621
0 0.869262 0.919968 0.029040 0.042998
0 0.847104 0.589929 0.014535 0.017813
0 0.719603 0.921509 0.012531 0.016701
0 0.189610 0.898031 0.023568 0.033625
0 0.886701 0.911119 0.022195 0.027977
0 0.269828 0.124462 0.027512 0.037033
0 0.726097 0.338505 0.028205 0.036365
0 0.136990 0.985332 0.021800 0.022717
