0 0.408586 0.130551 0.019859 0.027392
0 0.434175 0.092816 0.025025 0.028043
0 0.431499 0.054381 0.018287 0.025739
0 0.452408 0.054961 0.023700 0.030169
0 0.392911 0.133837 0.020075 0.026604
0 0.374060 0.211828 0.021090 0.027521
0 0.381836 0.159749 0.024815 0.028368
0 0.391358 0.194475 0.021158 0.025002
0 0.355671 0.238538 0.022125 0.027597
0 0.370436 0.134146 0.019934 0.027625
0 0.395012 0.090859 0.020451 0.023939
0 0.278405 0.311929 0.025523 0.036056
0 0.261079 0.206603 0.028887 0.037409
0 0.302288 0.881405 0.028666 0.035325
0 0.417052 0.147885 0.025282 0.032188
0 0.384781 0.071834 0.023884 0.031699
0 0.961450 0.072035 0.032941 0.041147
0 0.457553 0.030679 0.022505 0.028597
0 0.421686 0.089612 0.014972 0.025905
0 0.456683 0.010259 0.024198 0.017181
0 0.433210 0.050690 0.019659 0.024180
0 0.435368 0.032985 0.019513 0.025733
0 0.423809 0.086238 0.017501 0.029398
0 0.456113 0.042797 0.023084 0.013728
0 0.412027 0.139086 0.023185 0.026976
0 0.302667 0.697515 0.030063 0.037437
0 0.449837 0.046700 0.021538 0.018919
