0 0.511095 0.282348 0.026946 0.032636
0 0.339210 0.869874 0.028408 0.034544
0 0.587086 0.179200 0.021767 0.031714
0 0.362244 0.610092 0.027240 0.029590
0 0.329358 0.333979 0.024610 0.028998
0 0.644181 0.392059 0.030206 0.036154
0 0.681682 0.641543 0.015032 0.017711
0 0.672619 0.541637 0.019852 0.025012
0 0.975662 0.631873 0.030446 0.037691
0 0.614562 0.472678 0.019196 0.019341
0 0.166617 0.907141 0.032444 0.041962
0 0.355596 0.089064 0.037478 0.047524
0 0.338455 0.207006 0.030039 0.038836
0 0.180382 0.920273 0.021273 0.031517
0 0.018210 0.798740 0.019836 0.032925
0 0.658850 0.412744 0.015729 0.020201
0 0.938670 0.988565 0.024626 0.021009
