0 0.757527 0.043099 0.021818 0.030823
0 0.741432 0.146494 0.021349 0.027704
0 0.664196 0.222646 0.026441 0.036385
0 0.649309 0.114983 0.027503 0.037095
0 0.780457 0.045844 0.023682 0.033271
0 0.276131 0.652900 0.026786 0.033585
0 0.767744 0.066680 0.024580 0.027917
0 0.803743 0.056338 0.025804 0.033395
0 0.688079 0.787585 0.032416 0.038906
0 0.779861 0.102619 0.020104 0.026675
0 0.138633 0.857193 0.024001 0.031784
0 0.759468 0.120139 0.021220 0.025663
0 0.795727 0.037121 0.022519 0.027316
0 0.687173 0.605798 0.034431 0.044088
0 0.780525 0.051101 0.022238 0.034474
0 0.816590 0.010162 0.030793 0.015649
0 0.036823 0.605386 0.028518 0.038094
0 0.785525 0.007267 0.020631 0.011890
0 0.819099 0.485470 0.031449 0.038122
0 0.926402 0.940180 0.039868 0.047158
0 0.759655 0.048341 0.022592 0.028723
0 0.259292 0.945862 0.021020 0.026117
