0 0.865527 0.879421 0.018683 0.024585
0 0.072148 0.881931 0.026540 0.037042
0 0.596369 0.633862 0.024112 0.028859
0 0.809998 0.766401 0.022978 0.028891
0 0.119429 0.478272 0.026408 0.031213
0 0.470008 0.858505 0.024924 0.030895
0 0.244417 0.442788 0.022030 0.030688
0 0.109869 0.513056 0.028159 0.034058
0 0.464669 0.466561 0.042107 0.050436
0 0.183077 0.456791 0.025137 0.032985
0 0.607597 0.492152 0.023061 0.029540
0 0.145940 0.525899 0.020341 0.029065
0 0.088438 0.876557 0.021536 0.030573
0 0.079608 0.122002 0.025402 0.032056
0 0.503760 0.563256 0.027929 0.034222
0 0.931846 0.561795 0.026818 0.037617
0 0.220347 0.882189 0.029870 0.039501
0 0.448023 0.862327 0.024297 0.031037
0 0.432426 0.446430 0.039126 0.056728
0 0.429441 0.895797 0.029200 0.035630
0 0.335008 0.311757 0.022493 0.031571
0 0.453799 0.174685 0.020566 0.028401
0 0.365101 0.617747 0.033952 0.042401
0 0.382865 0.564614 0.026289 0.034539
0 0.346538 0.855238 0.037723 0.045768
0 0.100690 0.439152 0.026309 0.036528
0 0.219394 0.824445 0.032498 0.049651
0 0.252799 0.473098 0.022167 0.025662
0 0.264457 0.621733 0.031590 0.042787
0 0.375844 0.521108 0.021463 0.029980
0 0.881353 0.870296 0.017260 0.022127
0 0.189875 0.891108 0.043959 0.064973
0 0.096102 0.155922 0.018618 0.024812
0 0.438386 0.216864 0.018472 0.026010
0 0.324795 0.818706 0.047257 0.060891
0 0.298893 0.782148 0.044596 0.055460
0 0.416768 0.157360 0.042908 0.056701
0 0.859784 0.911278 0.034726 0.042330
0 0.023396 0.198021 0.021169 0.031349
0 0.489903 0.401761 0.021781 0.029202
0 0.761167 0.819955 0.023679 0.031004
0 0.228091 0.442433 0.021272 0.030753
0 0.448825 0.500978 0.035499 0.038574
0 0.312569 0.020513 0.023772 0.028881
0 0.897585 0.889424 0.018659 0.021790
0 0.369435 0.060614 0.047709 0.064084
0 0.395052 0.106140 0.058265 0.072114
0 0.453138 0.195321 0.021391 0.027437
0 0.179748 0.802604 0.035935 0.043489
0 0.882818 0.919396 0.028144 0.037251
0 0.716175 0.935110 0.071052 0.098367
0 0.380991 0.152511 0.028890 0.040442
0 0.491189 0.071141 0.096652 0.142283
0 0.099486 0.044962 0.016828 0.025619
0 0.100440 0.195524 0.015984 0.020863
0 0.441714 0.056543 0.034325 0.052632
0 0.738149 0.972422 0.046423 0.051184
0 0.627783 0.104681 0.025296 0.032303
0 0.866239 0.881125 0.023756 0.026820
0 0.431240 0.197945 0.032700 0.044382
0 0.402019 0.102334 0.050944 0.066823
0 0.382762 0.390397 0.019357 0.027602
0 0.084680 0.903012 0.028895 0.039822
0 0.425499 0.161811 0.030021 0.046914
0 0.201207 0.840813 0.042886 0.051507
0 0.385807 0.495036 0.019184 0.025000
0 0.365311 0.736525 0.032332 0.032724
0 0.809116 0.645620 0.023907 0.023770
0 0.902787 0.602396 0.044277 0.055261
0 0.879620 0.893178 0.019742 0.022307
0 0.365276 0.710000 0.020642 0.030463
0 0.900721 0.959678 0.017116 0.019623
0 0.146210 0.376870 0.021897 0.029647
0 0.243621 0.370954 0.025070 0.028068
0 0.078228 0.905744 0.038575 0.051607
0 0.449208 0.193568 0.025914 0.033364
0 0.921060 0.565378 0.024921 0.038975
0 0.229981 0.430743 0.021980 0.025968
0 0.827660 0.665530 0.019723 0.027126
0 0.373903 0.602008 0.028103 0.049600
0 0.432627 0.209926 0.028956 0.032057
0 0.526470 0.034241 0.060312 0.057745
0 0.452767 0.180296 0.024379 0.036554
0 0.074547 0.885802 0.033161 0.047855
0 0.629524 0.189901 0.022948 0.027066
0 0.343195 0.339458 0.018578 0.030564
0 0.819759 0.702082 0.029491 0.040998
0 0.230038 0.445830 0.024029 0.031255
0 0.048583 0.554594 0.014932 0.018463
0 0.452180 0.365918 0.020939 0.022756
0 0.512760 0.035357 0.089765 0.064063
0 0.440300 0.027023 0.062236 0.053591
0 0.344686 0.784058 0.055476 0.075776
