0 0.575092 0.876664 0.027433 0.036138
0 0.697354 0.782888 0.024747 0.030746
0 0.138394 0.792414 0.031026 0.039450
0 0.353899 0.764432 0.029734 0.037690
0 0.651169 0.810424 0.027128 0.034864
0 0.748747 0.677999 0.021732 0.028269
0 0.737266 0.662974 0.028353 0.037895
0 0.777487 0.830515 0.026258 0.031994
0 0.222434 0.865607 0.030225 0.039756
0 0.582070 0.559058 0.030258 0.036870
0 0.407911 0.431378 0.028042 0.032641
0 0.923721 0.584273 0.027921 0.035870
0 0.462981 0.956368 0.029623 0.034960
0 0.897846 0.023649 0.033635 0.040124
0 0.625440 0.978006 0.024573 0.033421
0 0.906378 0.628170 0.033597 0.037948
0 0.645380 0.980554 0.027850 0.034546
0 0.824489 0.738949 0.026422 0.036519
0 0.023984 0.605989 0.025759 0.035484
0 0.778820 0.831464 0.032451 0.037981
