0 0.886610 0.399769 0.028181 0.036430
0 0.264118 0.497178 0.029831 0.040213
0 0.923124 0.688091 0.029548 0.038558
0 0.569869 0.634682 0.032047 0.041667
0 0.764045 0.823759 0.029990 0.040577
0 0.421070 0.294015 0.025258 0.032842
0 0.425875 0.767734 0.025406 0.030891
0 0.863492 0.599303 0.020266 0.027256
0 0.321597 0.302296 0.024059 0.028841
0 0.183508 0.120883 0.031661 0.039952
0 0.874253 0.251580 0.016527 0.022596
0 0.373571 0.353657 0.035566 0.043927
0 0.216293 0.328631 0.022615 0.030793
0 0.858828 0.646589 0.020135 0.023189
0 0.370423 0.357955 0.042647 0.051718
