0 0.933995 0.093525 0.024503 0.031979
0 0.838813 0.194457 0.031716 0.044324
0 0.942621 0.039345 0.027355 0.031876
0 0.932791 0.016772 0.023418 0.031125
0 0.915418 0.119428 0.027034 0.034646
0 0.952655 0.075440 0.024724 0.029582
0 0.208928 0.580975 0.025561 0.036921
0 0.862050 0.764657 0.028473 0.033819
0 0.449281 0.627747 0.038642 0.049204
0 0.822738 0.086552 0.034593 0.045620
0 0.954482 0.015856 0.025189 0.029278
0 0.309732 0.833495 0.035648 0.046956
0 0.971387 0.012195 0.022632 0.024072
0 0.977525 0.028703 0.028086 0.035087
0 0.989304 0.976281 0.021393 0.044788
0 0.433646 0.920590 0.036672 0.047308
0 0.706878 0.180411 0.019283 0.020517
0 0.229184 0.253824 0.024342 0.034359
0 0.864216 0.579818 0.025492 0.032551
0 0.859737 0.576097 0.023607 0.030395
0 0.972874 0.015271 0.026241 0.027736
0 0.746001 0.301599 0.016783 0.023254
