0 0.882845 0.160875 0.021353 0.027909
0 0.921308 0.080575 0.021698 0.027777
0 0.872154 0.186694 0.025864 0.030079
0 0.941348 0.081077 0.024100 0.030005
0 0.863996 0.240154 0.025818 0.032239
0 0.861166 0.162094 0.021708 0.031464
0 0.907533 0.174770 0.025826 0.032800
0 0.874699 0.098850 0.024926 0.032709
0 0.846054 0.265919 0.027413 0.034645
0 0.752064 0.233610 0.033726 0.043733
0 0.768316 0.339834 0.030321 0.041537
0 0.924732 0.118834 0.026576 0.034006
0 0.379772 0.773907 0.036607 0.046690
0 0.139358 0.727872 0.024566 0.034605
0 0.900115 0.155075 0.020826 0.027681
0 0.885841 0.117286 0.021246 0.027185
0 0.882446 0.221273 0.024642 0.030206
0 0.925711 0.059411 0.019775 0.024715
0 0.948618 0.056926 0.022143 0.030621
0 0.792492 0.909405 0.028903 0.033925
0 0.957739 0.019695 0.028037 0.037729
0 0.637576 0.327807 0.021449 0.021984
0 0.912466 0.110439 0.018371 0.023561
0 0.919207 0.115020 0.021654 0.029302
0 0.888278 0.115015 0.020596 0.027526
0 0.874988 0.183946 0.024441 0.031964
0 0.909530 0.120293 0.017411 0.025476
0 0.787153 0.729937 0.018854 0.032265
0 0.789544 0.722493 0.023232 0.035339
0 0.794454 0.723446 0.027225 0.034793
