0 0.280564 0.598093 0.024007 0.030013
0 0.619638 0.579138 0.023149 0.023571
0 0.865072 0.720207 0.025468 0.034968
0 0.684068 0.559287 0.023004 0.029535
0 0.611622 0.615308 0.025824 0.028964
0 0.581275 0.224795 0.024649 0.031481
0 0.647476 0.627816 0.018529 0.024538
0 0.355650 0.375113 0.019939 0.029998
0 0.721328 0.925690 0.028275 0.045103
0 0.106269 0.585042 0.027938 0.036474
0 0.490733 0.134605 0.017721 0.023971
0 0.307680 0.524216 0.018869 0.024890
0 0.799471 0.883249 0.039512 0.051757
0 0.211698 0.907818 0.028954 0.036370
0 0.602095 0.541523 0.023754 0.031755
0 0.256187 0.412736 0.016322 0.023611
0 0.065463 0.636956 0.021979 0.033220
0 0.917958 0.262199 0.043193 0.057357
0 0.152743 0.317225 0.028175 0.036447
0 0.598774 0.258979 0.015592 0.019433
0 0.883625 0.666251 0.026513 0.032864
0 0.694497 0.979512 0.033446 0.036129
0 0.848649 0.956321 0.034496 0.041542
0 0.744302 0.474135 0.021961 0.022736
0 0.314184 0.978764 0.026385 0.032532
0 0.933130 0.307875 0.039167 0.056335
0 0.877289 0.623212 0.017553 0.025027
0 0.601258 0.149744 0.018829 0.027862
0 0.526036 0.299909 0.019259 0.029249
0 0.861609 0.836101 0.016594 0.021600
0 0.860509 0.881501 0.037519 0.052353
0 0.157650 0.135859 0.020929 0.025628
0 0.295856 0.592274 0.012389 0.020575
0 0.835658 0.415683 0.024982 0.035006
0 0.601975 0.298971 0.016680 0.020561
0 0.754167 0.575516 0.022480 0.024524
0 0.681468 0.904269 0.023951 0.030479
0 0.122143 0.757633 0.024753 0.036669
0 0.951189 0.294202 0.025865 0.031848
0 0.222869 0.162285 0.019731 0.028824
0 0.978555 0.572076 0.015889 0.026697
0 0.721942 0.018159 0.029122 0.030692
0 0.802170 0.494274 0.013692 0.020747
0 0.891397 0.861169 0.023241 0.030109
0 0.906110 0.202000 0.039636 0.063062
0 0.937938 0.161095 0.033925 0.051950
0 0.954970 0.274523 0.026223 0.032082
0 0.688175 0.896768 0.016724 0.019821
0 0.748053 0.543385 0.013528 0.015632
0 0.249741 0.455344 0.016807 0.018356
0 0.948968 0.964238 0.029887 0.042206
0 0.249937 0.413393 0.020908 0.025354
0 0.160231 0.494590 0.026817 0.030334
0 0.968988 0.961250 0.034374 0.043231
0 0.839735 0.878301 0.024215 0.033160
0 0.704348 0.940719 0.035084 0.046780
0 0.763582 0.723477 0.026278 0.039227
0 0.876284 0.697946 0.026259 0.034153
0 0.814287 0.123260 0.024023 0.028441
0 0.409733 0.974640 0.019349 0.023899
0 0.305469 0.375251 0.015083 0.018527
0 0.395720 0.128743 0.017298 0.021364
0 0.886376 0.595299 0.017104 0.022020
0 0.571967 0.978787 0.022031 0.028069
0 0.570179 0.064274 0.028432 0.031790
0 0.146615 0.264426 0.024088 0.028568
0 0.654244 0.370544 0.023053 0.030740
0 0.826831 0.923424 0.042421 0.050197
0 0.269326 0.074226 0.036106 0.047677
0 0.717999 0.980688 0.032356 0.033632
0 0.782589 0.424105 0.017518 0.026627
0 0.945477 0.605659 0.033392 0.037560
0 0.622388 0.580754 0.023614 0.027145
0 0.837360 0.928875 0.025690 0.031343
0 0.950368 0.602613 0.032688 0.037358
0 0.972823 0.211897 0.034951 0.057264
0 0.729142 0.546065 0.012587 0.019666
0 0.890724 0.211231 0.033624 0.048817
0 0.664376 0.650042 0.022669 0.025713
0 0.479381 0.357346 0.013723 0.020201
0 0.875042 0.707502 0.028689 0.035188
0 0.835743 0.904216 0.026372 0.036323
0 0.951543 0.277332 0.030618 0.042517
0 0.469675 0.377994 0.014898 0.018355
0 0.903383 0.192285 0.032556 0.043890
0 0.865798 0.838891 0.020018 0.024688
0 0.317315 0.625313 0.013343 0.016075
0 0.005142 0.075144 0.010284 0.044337
0 0.902733 0.582496 0.023495 0.035204
0 0.539567 0.347126 0.013521 0.016374
0 0.876238 0.847498 0.018209 0.025680
0 0.747588 0.476336 0.019646 0.023277
0 0.254773 0.413324 0.020408 0.027548
0 0.645596 0.480796 0.026435 0.035078
0 0.254627 0.149396 0.023911 0.031427
0 0.938472 0.560994 0.023144 0.031480
0 0.482095 0.387112 0.015924 0.025454
0 0.808556 0.089296 0.020658 0.025148
0 0.343244 0.454522 0.015138 0.016574
0 0.694982 0.911275 0.015495 0.024888
0 0.867734 0.809227 0.022505 0.029917
0 0.086813 0.255915 0.014329 0.016370
0 0.830465 0.909837 0.035540 0.042662
0 0.676979 0.902426 0.019441 0.030187
0 0.292749 0.397645 0.015362 0.017389
0 0.935826 0.543931 0.023164 0.032954
0 0.934283 0.553382 0.029935 0.039269
