0 0.793076 0.726869 0.015068 0.019962
0 0.564966 0.642534 0.022966 0.030790
0 0.784244 0.693388 0.021527 0.026513
0 0.578998 0.839937 0.018207 0.022813
0 0.166602 0.058697 0.049135 0.065175
0 0.540806 0.578062 0.018351 0.025024
0 0.729349 0.202844 0.024024 0.031574
0 0.426452 0.176984 0.033388 0.048108
0 0.693564 0.909240 0.026735 0.031339
0 0.565340 0.079784 0.036599 0.048100
0 0.057144 0.257370 0.043967 0.054024
0 0.206402 0.288891 0.048174 0.059434
0 0.843015 0.833410 0.026109 0.032920
0 0.680314 0.229852 0.037833 0.052694
0 0.183008 0.120739 0.044415 0.060269
0 0.459692 0.750241 0.022017 0.030039
0 0.506376 0.094016 0.043137 0.052565
0 0.540942 0.330698 0.020594 0.025837
0 0.609390 0.335831 0.026666 0.033230
0 0.689198 0.977620 0.021126 0.027232
0 0.620032 0.841203 0.020159 0.023973
0 0.642716 0.977207 0.023473 0.030598
0 0.051652 0.019057 0.051339 0.038115
0 0.624205 0.875164 0.016748 0.022131
0 0.606993 0.722258 0.017423 0.022283
0 0.422149 0.159992 0.027106 0.032860
0 0.282080 0.348106 0.030536 0.047836
0 0.694352 0.211410 0.028451 0.039498
0 0.467433 0.313374 0.020974 0.027294
0 0.810647 0.775258 0.018166 0.024075
0 0.750378 0.239917 0.026328 0.033868
0 0.306614 0.343854 0.022919 0.027807
0 0.331000 0.021258 0.033731 0.038605
0 0.403682 0.167780 0.025493 0.036778
0 0.856056 0.708205 0.023913 0.028313
0 0.283848 0.337075 0.024560 0.032778
0 0.716804 0.934546 0.018269 0.022086
0 0.315002 0.323650 0.016318 0.019598
0 0.317153 0.277058 0.037342 0.047341
0 0.717323 0.789241 0.021731 0.027276
0 0.297676 0.378326 0.044534 0.051830
0 0.595818 0.851117 0.019737 0.020984
0 0.910910 0.831552 0.028539 0.039035
0 0.576760 0.057717 0.032493 0.043314
0 0.804975 0.800387 0.019798 0.024351
0 0.684520 0.796677 0.011807 0.017633
0 0.327311 0.376485 0.025031 0.030197
0 0.414622 0.120332 0.024659 0.030569
0 0.674775 0.962303 0.027114 0.043669
0 0.560589 0.507977 0.016729 0.019315
0 0.524106 0.285306 0.029390 0.033485
0 0.705955 0.979808 0.017428 0.025722
0 0.029489 0.052546 0.053806 0.079082
0 0.720278 0.306148 0.029811 0.041977
0 0.956845 0.721919 0.027725 0.037600
0 0.678603 0.198570 0.017713 0.021360
0 0.570731 0.672174 0.018169 0.023067
0 0.697311 0.746811 0.019091 0.023069
0 0.380559 0.157559 0.022269 0.029740
0 0.570361 0.617351 0.019058 0.027216
0 0.484772 0.305131 0.021331 0.024672
0 0.610784 0.773096 0.017790 0.021083
0 0.797846 0.270345 0.032625 0.042708
0 0.842809 0.301716 0.038444 0.052034
0 0.536608 0.254969 0.035812 0.053894
0 0.565343 0.471819 0.032422 0.039550
0 0.702916 0.590851 0.019710 0.026189
0 0.775294 0.793002 0.017401 0.024232
0 0.694982 0.769743 0.015164 0.019701
0 0.553297 0.050814 0.021784 0.028092
0 0.554551 0.586510 0.018136 0.024371
0 0.599471 0.624529 0.017832 0.024701
0 0.835231 0.772704 0.018062 0.019231
0 0.772525 0.716038 0.018586 0.024203
0 0.092753 0.065020 0.036563 0.051025
0 0.963059 0.459182 0.032983 0.047439
0 0.678904 0.762103 0.018615 0.020843
0 0.974883 0.056841 0.032144 0.040951
0 0.801434 0.242463 0.021790 0.029654
0 0.822613 0.822343 0.016254 0.019697
0 0.401924 0.096387 0.030930 0.039562
0 0.183218 0.336224 0.022389 0.030423
0 0.533393 0.593671 0.020555 0.023478
0 0.557377 0.973215 0.035218 0.044531
0 0.483114 0.266438 0.032540 0.041811
0 0.715057 0.955697 0.013978 0.019526
0 0.920878 0.798920 0.019524 0.026385
0 0.964015 0.164395 0.028884 0.039306
0 0.553712 0.627349 0.016339 0.022831
0 0.683005 0.292855 0.031033 0.047839
0 0.748168 0.303807 0.048094 0.067505
0 0.842876 0.190648 0.024973 0.037609
0 0.283406 0.292482 0.022696 0.030142
0 0.643413 0.288729 0.019801 0.030157
0 0.206450 0.340882 0.018938 0.021169
0 0.764975 0.344533 0.032831 0.042488
0 0.812296 0.777907 0.018128 0.023431
0 0.642059 0.777537 0.019302 0.025391
0 0.706523 0.171124 0.023504 0.030554
0 0.913925 0.072309 0.031524 0.036677
0 0.427850 0.072715 0.028909 0.044226
0 0.820210 0.787035 0.016458 0.021687
0 0.444794 0.095953 0.027574 0.038025
0 0.274384 0.129586 0.073717 0.106074
0 0.320899 0.234319 0.017249 0.021959
0 0.780058 0.291149 0.026673 0.034215
0 0.206360 0.247995 0.036303 0.058656
0 0.868058 0.907284 0.017112 0.023608
0 0.684296 0.281745 0.026201 0.031504
0 0.399479 0.165750 0.025039 0.036275
0 0.707847 0.795888 0.018063 0.025975
0 0.623022 0.283882 0.032438 0.041917
0 0.559509 0.406327 0.014936 0.021376
0 0.488020 0.748422 0.019559 0.028911
0 0.634073 0.776932 0.012331 0.027858
0 0.978530 0.874799 0.024966 0.032823
0 0.599243 0.636667 0.017809 0.020469
0 0.151702 0.202301 0.023859 0.033078
0 0.386572 0.072646 0.036733 0.048604
0 0.948439 0.779323 0.034949 0.045417
0 0.700289 0.172908 0.020302 0.029904
0 0.607598 0.197051 0.022246 0.031159
0 0.851259 0.739544 0.015469 0.023634
0 0.436589 0.131948 0.029281 0.038919
0 0.092760 0.184066 0.094050 0.127816
0 0.847282 0.686848 0.022374 0.030957
0 0.549903 0.627118 0.024800 0.025923
0 0.623492 0.840905 0.020987 0.021344
0 0.678233 0.116959 0.024751 0.034011
0 0.962023 0.386759 0.024381 0.034466
0 0.948836 0.006973 0.022188 0.013299
0 0.575788 0.313807 0.030893 0.040066
0 0.466870 0.094585 0.024114 0.031012
0 0.721272 0.253995 0.023578 0.026377
0 0.728206 0.066876 0.028076 0.037881
0 0.188182 0.219293 0.025926 0.033727
0 0.705104 0.237312 0.029042 0.036371
0 0.930219 0.043156 0.033946 0.043315
0 0.820956 0.241888 0.022688 0.027649
0 0.837809 0.804950 0.017725 0.020808
0 0.057835 0.051536 0.037920 0.045927
0 0.446974 0.152615 0.031259 0.037443
0 0.784290 0.015813 0.017721 0.025712
0 0.856824 0.665111 0.028257 0.036149
0 0.985411 0.838347 0.016383 0.024982
0 0.746543 0.308440 0.040822 0.052235
0 0.591759 0.123078 0.051205 0.064459
0 0.740116 0.979653 0.021165 0.029317
0 0.967834 0.936085 0.023988 0.033193
0 0.592301 0.813096 0.014440 0.019645
0 0.188478 0.102246 0.030355 0.034975
0 0.511468 0.265602 0.022638 0.031433
0 0.584986 0.618221 0.021428 0.028586
0 0.602279 0.101156 0.042659 0.059652
0 0.858836 0.695835 0.026183 0.031454
0 0.802480 0.124623 0.039320 0.053244
0 0.792625 0.748524 0.016156 0.019498
0 0.377721 0.106400 0.036214 0.047384
0 0.719672 0.914826 0.015669 0.020812
0 0.487905 0.265801 0.028114 0.038484
0 0.604736 0.720523 0.019467 0.026887
0 0.777472 0.960801 0.018641 0.026170
0 0.705150 0.258627 0.030405 0.041252
0 0.267754 0.280079 0.026559 0.032743
0 0.436011 0.140391 0.032022 0.048324
0 0.715138 0.809206 0.017374 0.018853
0 0.819222 0.722015 0.017526 0.016772
0 0.289728 0.923664 0.061886 0.080161
0 0.619971 0.745395 0.011969 0.017135
0 0.353349 0.045789 0.027087 0.039093
0 0.479012 0.170992 0.057746 0.073608
0 0.679667 0.110357 0.026431 0.035601
0 0.520533 0.261200 0.035713 0.040890
0 0.942882 0.836589 0.020847 0.030594
0 0.239106 0.180657 0.069030 0.090731
0 0.691696 0.977030 0.025777 0.034139
0 0.317229 0.215537 0.021063 0.029290
0 0.587808 0.119956 0.039583 0.057503
0 0.966255 0.819022 0.016973 0.022896
0 0.775121 0.344356 0.023456 0.036308
0 0.821898 0.741024 0.013744 0.015312
0 0.699491 0.841142 0.017538 0.019417
0 0.171080 0.279418 0.053543 0.070067
0 0.471354 0.196049 0.042350 0.054554
0 0.748409 0.250643 0.028507 0.046759
0 0.286920 0.345406 0.025216 0.043158
0 0.060825 0.128890 0.078385 0.114445
0 0.639226 0.850397 0.018403 0.023677
0 0.260454 0.219707 0.065077 0.078074
0 0.637396 0.882892 0.017041 0.022494
0 0.485527 0.295929 0.025057 0.024823
0 0.559374 0.508873 0.020093 0.023338
0 0.950148 0.769736 0.034315 0.036865
0 0.433163 0.071481 0.036576 0.049970
0 0.161595 0.026332 0.030251 0.040581
0 0.314112 0.324014 0.019777 0.023209
0 0.695353 0.766955 0.019964 0.022728
0 0.642339 0.859483 0.017228 0.019744
0 0.937855 0.831749 0.020566 0.033195
0 0.412619 0.172013 0.020803 0.038053
0 0.978057 0.021384 0.038085 0.042603
0 0.409985 0.045027 0.045263 0.060116
0 0.225306 0.184822 0.057325 0.089244
0 0.682984 0.974056 0.027745 0.030712
