0 0.365502 0.903017 0.027606 0.034838
0 0.662700 0.537213 0.027641 0.032804
0 0.734529 0.482321 0.024590 0.030029
0 0.263462 0.830615 0.028417 0.035636
0 0.331130 0.519338 0.024290 0.029331
0 0.743102 0.916387 0.034406 0.049190
0 0.669394 0.502038 0.024446 0.027584
0 0.575979 0.221685 0.022852 0.032086
0 0.850454 0.805802 0.041541 0.055690
0 0.772194 0.845288 0.031941 0.047285
0 0.043107 0.732068 0.023995 0.031981
0 0.652961 0.465157 0.025236 0.031466
0 0.157768 0.507904 0.029021 0.035212
0 0.771109 0.905006 0.029953 0.037423
0 0.631851 0.148067 0.026682 0.037273
0 0.174032 0.681103 0.024074 0.036029
0 0.674931 0.503198 0.020199 0.026642
0 0.458615 0.924974 0.024518 0.026004
0 0.209078 0.059639 0.024564 0.030371
0 0.899824 0.877277 0.037757 0.046290
0 0.462527 0.924421 0.017013 0.026158
0 0.344428 0.322573 0.015054 0.019120
0 0.919842 0.641277 0.037705 0.042182
0 0.116560 0.561042 0.023539 0.035167
0 0.026698 0.776894 0.027165 0.032972
0 0.698100 0.549481 0.019561 0.027246
0 0.041776 0.012947 0.050515 0.025893
0 0.204637 0.239794 0.028835 0.036153
0 0.756701 0.861071 0.034069 0.043399
0 0.913165 0.803371 0.040738 0.056192
0 0.545505 0.944279 0.023414 0.030254
0 0.305882 0.335136 0.020601 0.026159
0 0.704158 0.293621 0.021595 0.028586
0 0.934654 0.587466 0.030126 0.036241
0 0.639638 0.925623 0.023127 0.036549
0 0.979582 0.917967 0.037708 0.047283
0 0.406317 0.297642 0.021814 0.030941
0 0.725012 0.822411 0.016132 0.025144
0 0.752014 0.863613 0.030183 0.043661
0 0.347942 0.514041 0.013174 0.020315
0 0.629475 0.921427 0.025768 0.033744
0 0.940937 0.783206 0.026400 0.034876
0 0.471144 0.852103 0.016954 0.019225
0 0.922268 0.631792 0.042375 0.061170
0 0.640096 0.899010 0.019409 0.024675
0 0.892459 0.797695 0.022192 0.033032
0 0.737989 0.826895 0.022408 0.032720
0 0.887698 0.336212 0.027095 0.033679
0 0.623078 0.902264 0.022532 0.026516
0 0.019304 0.169560 0.024496 0.035503
0 0.199191 0.189236 0.028000 0.034030
0 0.300072 0.336451 0.018575 0.026134
0 0.025081 0.113594 0.034727 0.043991
0 0.461562 0.895962 0.016924 0.022098
0 0.877184 0.840712 0.045003 0.062416
0 0.695659 0.402115 0.029882 0.038809
0 0.967765 0.181688 0.042779 0.061041
0 0.804529 0.497108 0.025403 0.029682
0 0.165126 0.954861 0.034284 0.044094
0 0.977652 0.474318 0.030707 0.048234
0 0.913354 0.132773 0.037520 0.047156
0 0.744252 0.903287 0.030924 0.034727
0 0.359490 0.446812 0.020414 0.024171
0 0.737992 0.822713 0.018686 0.028313
0 0.940309 0.132345 0.029734 0.045909
0 0.962231 0.131186 0.031459 0.046699
0 0.019348 0.242106 0.020691 0.027616
0 0.667585 0.170472 0.018606 0.018807
0 0.764751 0.901136 0.035327 0.040126
0 0.631502 0.929768 0.030842 0.041776
0 0.653216 0.221630 0.019079 0.023503
0 0.250781 0.490179 0.033140 0.049962
0 0.956389 0.123531 0.041117 0.063086
0 0.761169 0.867005 0.034127 0.044038
0 0.273996 0.084468 0.021569 0.029472
0 0.889376 0.811530 0.026717 0.047035
0 0.052733 0.516572 0.016198 0.023956
0 0.978599 0.226333 0.032042 0.055987
0 0.978396 0.043271 0.022839 0.036072
0 0.475831 0.909370 0.015310 0.018730
0 0.926804 0.545387 0.019233 0.026161
0 0.042585 0.513453 0.015292 0.021745
0 0.922020 0.089229 0.050906 0.070844
0 0.983744 0.078297 0.031170 0.050220
0 0.794284 0.396651 0.024683 0.026866
0 0.895741 0.798922 0.028616 0.043558
0 0.761938 0.855231 0.032303 0.037560
0 0.916561 0.759417 0.030382 0.025916
0 0.865746 0.045734 0.026862 0.032073
0 0.006399 0.978538 0.012495 0.024982
0 0.706229 0.362576 0.016299 0.021230
0 0.673963 0.709513 0.015917 0.020230
0 0.355699 0.298429 0.014690 0.018588
