0 0.819312 0.175061 0.024611 0.029933
0 0.871787 0.065830 0.020178 0.029097
0 0.880688 0.083415 0.026213 0.035122
0 0.845891 0.095030 0.026639 0.031064
0 0.855349 0.130070 0.023100 0.028107
0 0.742391 0.247994 0.029239 0.038524
0 0.899045 0.029366 0.027280 0.031905
0 0.765013 0.818061 0.027615 0.034256
0 0.857873 0.069813 0.022195 0.029058
0 0.724923 0.141997 0.031822 0.043091
0 0.837191 0.149551 0.023333 0.029430
0 0.834355 0.070919 0.021991 0.031042
0 0.858096 0.026582 0.021349 0.024184
0 0.847033 0.012668 0.022118 0.022572
0 0.352411 0.682022 0.034743 0.044759
0 0.214332 0.888891 0.035551 0.045502
0 0.112138 0.634721 0.021816 0.030717
0 0.884336 0.023810 0.020111 0.029261
0 0.336385 0.972745 0.031714 0.039231
0 0.312897 0.800725 0.015681 0.021596
0 0.994378 0.968794 0.011244 0.032287
0 0.874621 0.070129 0.021939 0.027792
0 0.763824 0.632310 0.027516 0.032920
0 0.886654 0.021677 0.022618 0.034225
0 0.889208 0.024484 0.020385 0.035053
0 0.896811 0.515586 0.024997 0.032302
