0 0.881438 0.161790 0.021279 0.026389
0 0.921115 0.081230 0.022599 0.030464
0 0.906990 0.175470 0.025749 0.033889
0 0.860407 0.162485 0.021533 0.031054
0 0.871664 0.187186 0.025607 0.030253
0 0.863538 0.240454 0.025588 0.031247
0 0.940789 0.081536 0.024439 0.030806
0 0.873740 0.099657 0.024845 0.034347
0 0.751418 0.234195 0.032970 0.043096
0 0.767760 0.340188 0.029861 0.040223
0 0.885548 0.118126 0.022058 0.027906
0 0.845254 0.266361 0.026496 0.033364
0 0.378896 0.774256 0.035651 0.045712
0 0.925581 0.119885 0.026085 0.032127
0 0.138525 0.727936 0.023708 0.033092
0 0.912179 0.111698 0.019493 0.026446
0 0.898800 0.155952 0.020632 0.028529
0 0.881848 0.221516 0.024318 0.028777
0 0.910111 0.117655 0.020050 0.027343
0 0.925324 0.060939 0.021376 0.026898
0 0.791233 0.909313 0.028477 0.033114
0 0.947025 0.058239 0.024178 0.031656
0 0.957003 0.020632 0.029582 0.041028
0 0.939304 0.081394 0.030924 0.036058
0 0.790045 0.725803 0.028899 0.041011
0 0.876231 0.170317 0.023616 0.029737
0 0.943574 0.035095 0.021552 0.026895
0 0.636384 0.328446 0.020862 0.022163
0 0.919418 0.114936 0.024497 0.029410
0 0.240335 0.975463 0.034329 0.035848
