0 0.431154 0.916859 0.025153 0.033935
0 0.040291 0.866336 0.026721 0.034057
0 0.379636 0.653002 0.031147 0.040262
0 0.394761 0.709747 0.042661 0.053714
0 0.591582 0.647020 0.031806 0.042581
0 0.381647 0.773422 0.028379 0.037292
0 0.437799 0.889105 0.024575 0.031771
0 0.332424 0.827248 0.027277 0.036771
0 0.455695 0.925486 0.019747 0.026359
0 0.468151 0.895840 0.022248 0.026582
0 0.177342 0.498076 0.027135 0.035289
0 0.021210 0.873094 0.026895 0.042205
0 0.605394 0.160847 0.033228 0.044733
0 0.034574 0.473173 0.048532 0.060932
0 0.166875 0.641120 0.029428 0.036034
0 0.736323 0.554462 0.024507 0.036436
0 0.058942 0.408569 0.025081 0.033205
0 0.845623 0.495463 0.033872 0.038481
0 0.472795 0.606979 0.049620 0.064081
0 0.024947 0.505047 0.034109 0.048326
0 0.936719 0.932736 0.021120 0.029539
0 0.606396 0.343734 0.028528 0.035038
0 0.495318 0.569884 0.041867 0.053695
0 0.889701 0.738924 0.025854 0.030252
0 0.287263 0.943671 0.082954 0.109877
0 0.200328 0.196615 0.029284 0.036365
0 0.045306 0.105300 0.068294 0.087253
0 0.130944 0.027448 0.038576 0.041715
0 0.024308 0.178890 0.020391 0.025919
0 0.472744 0.966166 0.017231 0.021807
0 0.399081 0.672755 0.023779 0.033319
0 0.095194 0.039200 0.056271 0.063473
0 0.458561 0.873565 0.022459 0.033669
0 0.039468 0.867362 0.031867 0.043335
0 0.639356 0.932600 0.019556 0.024072
0 0.454715 0.896968 0.021226 0.028733
0 0.738024 0.041109 0.031289 0.040815
0 0.425651 0.982073 0.027023 0.029678
