0 0.389737 0.768084 0.030211 0.037341
0 0.407907 0.735172 0.027677 0.035281
0 0.892074 0.434011 0.028517 0.038299
0 0.463929 0.436180 0.028027 0.036134
0 0.079414 0.350268 0.025213 0.030586
0 0.060598 0.311337 0.023283 0.031420
0 0.447849 0.932112 0.031469 0.037133
0 0.567309 0.363945 0.024042 0.031060
0 0.768851 0.517351 0.021729 0.026873
0 0.150262 0.762348 0.045828 0.066421
0 0.856603 0.760180 0.019642 0.023946
0 0.557168 0.505881 0.025242 0.029534
0 0.336025 0.392004 0.021461 0.030610
0 0.070910 0.384690 0.026737 0.034148
0 0.821544 0.783353 0.032579 0.038374
0 0.721949 0.692068 0.023506 0.031392
0 0.771272 0.638276 0.023219 0.029487
0 0.342988 0.435217 0.027855 0.034568
0 0.306425 0.726317 0.037358 0.045527
0 0.826718 0.753143 0.019497 0.024910
0 0.285275 0.691761 0.046653 0.062346
0 0.142982 0.329324 0.024915 0.032208
0 0.179725 0.753713 0.032644 0.042966
0 0.843395 0.744576 0.019029 0.022995
0 0.325693 0.611791 0.033203 0.039470
0 0.260180 0.654987 0.047142 0.059830
0 0.391426 0.316569 0.039117 0.057906
0 0.430073 0.731138 0.026634 0.033074
0 0.325970 0.488863 0.035581 0.043457
0 0.978813 0.513444 0.028361 0.037878
0 0.789518 0.538758 0.017216 0.023488
0 0.985280 0.030266 0.029440 0.057042
0 0.313791 0.655018 0.063912 0.075294
0 0.213595 0.344725 0.022717 0.027879
0 0.425177 0.339171 0.038956 0.047009
0 0.844051 0.791564 0.024444 0.032049
0 0.296172 0.184150 0.022872 0.031318
0 0.138658 0.674675 0.039913 0.049363
0 0.105820 0.398153 0.018421 0.027603
0 0.810016 0.973831 0.020297 0.027256
0 0.377041 0.029989 0.044581 0.054296
0 0.407413 0.372487 0.032613 0.037694
0 0.168716 0.705349 0.057517 0.070305
0 0.326713 0.583018 0.023936 0.034687
0 0.875390 0.441605 0.022478 0.037828
0 0.350281 0.375900 0.025466 0.040875
0 0.872277 0.947637 0.021017 0.023980
0 0.779556 0.574116 0.026775 0.041140
0 0.685514 0.855310 0.077812 0.095409
0 0.675890 0.805237 0.072728 0.091734
0 0.449408 0.273267 0.021238 0.027139
0 0.223313 0.493608 0.031982 0.045108
0 0.043828 0.777466 0.031136 0.043897
0 0.032548 0.755910 0.027494 0.040829
0 0.039942 0.777035 0.038898 0.050400
0 0.399039 0.088895 0.017504 0.023403
0 0.203442 0.242911 0.024650 0.025824
0 0.342778 0.025066 0.034443 0.044544
0 0.984628 0.986376 0.027847 0.026310
0 0.862000 0.831394 0.014426 0.018183
0 0.343709 0.262726 0.017484 0.026310
0 0.348638 0.632160 0.027074 0.032029
0 0.872560 0.477727 0.023705 0.038895
0 0.414849 0.044452 0.018200 0.025703
0 0.862899 0.476703 0.043317 0.047101
0 0.049513 0.747339 0.020758 0.027097
0 0.759064 0.724251 0.020364 0.032815
0 0.911933 0.977492 0.017077 0.023203
0 0.809420 0.872763 0.016064 0.019348
0 0.204407 0.315461 0.021983 0.033300
0 0.055544 0.027777 0.018046 0.023534
0 0.348434 0.370665 0.023955 0.032754
0 0.940434 0.764652 0.026136 0.040353
0 0.682740 0.832400 0.081789 0.141209
0 0.329150 0.482030 0.041064 0.053929
0 0.955440 0.987897 0.019450 0.020681
0 0.039152 0.005990 0.024502 0.011591
0 0.772811 0.929084 0.025897 0.030198
0 0.332482 0.272991 0.014398 0.019230
0 0.860547 0.468811 0.033556 0.042190
0 0.106102 0.249389 0.024953 0.033102
0 0.793437 0.579805 0.018867 0.028984
0 0.840291 0.749162 0.020152 0.026149
0 0.407653 0.064130 0.025967 0.032718
0 0.412214 0.066457 0.019752 0.027831
0 0.060264 0.065838 0.015785 0.019087
0 0.197264 0.317086 0.031379 0.035308
0 0.754521 0.510931 0.021014 0.023706
