0 0.787897 0.850274 0.021893 0.027613
0 0.378685 0.775934 0.015814 0.020441
0 0.352546 0.352074 0.022107 0.029082
0 0.708612 0.509339 0.017266 0.021197
0 0.696007 0.543329 0.022573 0.031651
0 0.841100 0.903719 0.026070 0.035524
0 0.406813 0.550881 0.018833 0.022535
0 0.593944 0.510105 0.019210 0.022756
0 0.472629 0.508340 0.013790 0.016933
0 0.294008 0.898631 0.022649 0.031675
0 0.780495 0.641733 0.023700 0.031055
0 0.781228 0.548585 0.024734 0.033459
0 0.699416 0.907241 0.030465 0.035790
0 0.430665 0.686384 0.021828 0.026434
0 0.844599 0.621208 0.026075 0.032256
0 0.383619 0.560898 0.017718 0.020563
0 0.834845 0.354934 0.026593 0.035871
0 0.581309 0.458660 0.014222 0.017342
0 0.881159 0.770033 0.026704 0.033322
0 0.396842 0.046714 0.029568 0.038662
0 0.654884 0.616301 0.014951 0.021786
0 0.173372 0.845246 0.021215 0.024235
0 0.591574 0.732561 0.018221 0.022912
0 0.467037 0.473719 0.020687 0.023583
0 0.481341 0.619422 0.025814 0.031767
0 0.199583 0.922993 0.021141 0.031974
0 0.485461 0.889372 0.018219 0.023335
0 0.581010 0.436694 0.016272 0.019784
0 0.561126 0.426282 0.019417 0.022440
0 0.504513 0.644398 0.016445 0.020904
0 0.563897 0.503381 0.017576 0.023392
0 0.354434 0.182721 0.034484 0.039754
0 0.802871 0.540035 0.018331 0.021538
0 0.140512 0.754510 0.023746 0.029582
0 0.484953 0.459525 0.021116 0.025625
0 0.395400 0.431324 0.015102 0.021959
0 0.455999 0.757660 0.011177 0.016438
0 0.750473 0.170133 0.031823 0.045448
0 0.630832 0.544214 0.023951 0.029555
0 0.608913 0.789326 0.016946 0.024185
0 0.556195 0.906343 0.023052 0.027888
0 0.829280 0.960640 0.024575 0.030051
0 0.870213 0.662844 0.023308 0.031097
0 0.477909 0.687044 0.019775 0.026020
0 0.617517 0.898888 0.018724 0.026975
0 0.505666 0.019402 0.030967 0.035108
0 0.644332 0.418075 0.021231 0.027623
0 0.634763 0.397400 0.021849 0.028338
0 0.175305 0.876013 0.019217 0.021766
0 0.161254 0.906030 0.025623 0.034849
0 0.533435 0.788726 0.020986 0.029059
0 0.765794 0.585234 0.019193 0.024701
0 0.572144 0.403640 0.020791 0.026127
0 0.248168 0.461109 0.022007 0.029634
0 0.457487 0.708506 0.015696 0.017843
0 0.048150 0.966891 0.021772 0.028965
0 0.571447 0.981964 0.022125 0.026514
0 0.366519 0.550957 0.018819 0.023588
0 0.824546 0.438476 0.034475 0.038242
0 0.522762 0.923362 0.019499 0.021697
0 0.635290 0.711464 0.017850 0.024752
0 0.940561 0.652739 0.037244 0.054337
0 0.502697 0.958719 0.017347 0.019376
0 0.745206 0.432626 0.023761 0.030916
0 0.462624 0.667951 0.023001 0.032259
0 0.733543 0.488662 0.027149 0.036863
0 0.793606 0.903322 0.029582 0.030263
0 0.114259 0.086369 0.025000 0.029507
0 0.965041 0.084466 0.058395 0.081933
0 0.939031 0.321362 0.029836 0.040264
0 0.492829 0.691529 0.015209 0.020929
0 0.411317 0.585778 0.015994 0.021603
0 0.429326 0.455995 0.014681 0.020316
0 0.444110 0.787647 0.014881 0.019165
0 0.900749 0.305206 0.028880 0.034195
0 0.820019 0.894262 0.026732 0.035015
0 0.763959 0.897539 0.019466 0.025911
0 0.492220 0.721133 0.013996 0.020753
0 0.461760 0.893619 0.015159 0.025574
0 0.404893 0.460309 0.014076 0.019316
0 0.431236 0.705640 0.014850 0.018179
0 0.020323 0.700655 0.021224 0.027162
0 0.638480 0.924419 0.015443 0.020258
0 0.828816 0.868963 0.020671 0.030417
0 0.389192 0.754279 0.017042 0.019405
0 0.414399 0.866787 0.024766 0.029416
0 0.861708 0.435785 0.026710 0.036304
0 0.378621 0.520933 0.016861 0.021128
0 0.731174 0.549141 0.018211 0.025048
0 0.820932 0.820043 0.018337 0.017662
0 0.566183 0.945603 0.025083 0.031322
0 0.492446 0.744248 0.012354 0.017875
0 0.380711 0.747000 0.013653 0.018373
0 0.799161 0.947501 0.026904 0.033391
0 0.812369 0.980238 0.023286 0.030565
0 0.508168 0.883778 0.023491 0.027587
0 0.358542 0.382398 0.018454 0.022348
0 0.359005 0.327976 0.025596 0.030782
0 0.729005 0.544089 0.017519 0.022068
0 0.593169 0.912411 0.012138 0.023645
0 0.342180 0.298551 0.019203 0.027226
0 0.529732 0.828730 0.026518 0.028845
0 0.397116 0.480923 0.016442 0.019149
0 0.490970 0.301099 0.018929 0.025708
0 0.477894 0.779282 0.016735 0.019445
0 0.605621 0.492334 0.011598 0.019362
0 0.806421 0.263505 0.024343 0.028039
0 0.507754 0.624166 0.016693 0.017743
0 0.367720 0.764391 0.014698 0.019250
0 0.542333 0.931799 0.022240 0.028116
0 0.594216 0.699996 0.017663 0.025219
0 0.545082 0.879417 0.024134 0.030889
0 0.470465 0.756523 0.010167 0.016264
0 0.792003 0.555005 0.018025 0.024567
0 0.498860 0.849392 0.045691 0.057720
0 0.363884 0.025704 0.033435 0.045035
0 0.801100 0.889811 0.026776 0.039039
0 0.581983 0.963723 0.019694 0.025086
0 0.084651 0.091263 0.041098 0.048920
0 0.276413 0.458131 0.021071 0.029612
0 0.482719 0.479809 0.019574 0.025148
0 0.420937 0.930959 0.016726 0.019663
0 0.528345 0.945490 0.018593 0.025619
0 0.798029 0.617755 0.026467 0.036469
0 0.336978 0.335757 0.021200 0.025990
0 0.530402 0.740360 0.021862 0.028146
0 0.426990 0.561237 0.017570 0.020423
0 0.647240 0.776486 0.017352 0.020712
0 0.485904 0.973042 0.021579 0.031592
0 0.761517 0.953910 0.026493 0.032182
0 0.750211 0.504885 0.018281 0.021514
0 0.676389 0.333426 0.027795 0.032676
0 0.556177 0.054299 0.036729 0.046712
0 0.520465 0.737310 0.017349 0.027751
0 0.521417 0.733473 0.020248 0.024515
0 0.966016 0.543967 0.037208 0.063332
0 0.529794 0.879354 0.024653 0.030951
0 0.348787 0.218820 0.017773 0.022875
0 0.570395 0.799421 0.016776 0.022320
0 0.579346 0.873263 0.023449 0.027935
0 0.585069 0.847366 0.023652 0.027450
0 0.364440 0.510915 0.016720 0.020630
0 0.530415 0.948583 0.021444 0.030647
0 0.598126 0.870813 0.019751 0.022192
0 0.327832 0.289393 0.019317 0.029036
0 0.150403 0.931226 0.021897 0.031493
0 0.963609 0.295564 0.041220 0.057554
0 0.750386 0.096667 0.024277 0.031659
0 0.598553 0.484279 0.017354 0.020423
0 0.616848 0.455292 0.015166 0.019440
0 0.782849 0.668919 0.018851 0.023790
0 0.598428 0.948042 0.014926 0.022076
0 0.800431 0.876847 0.029229 0.037593
0 0.340845 0.302236 0.020923 0.024967
0 0.576150 0.929938 0.018403 0.023388
0 0.361975 0.385648 0.021249 0.026912
0 0.703976 0.651875 0.016746 0.023493
0 0.609266 0.693465 0.023233 0.028592
0 0.433008 0.490248 0.015414 0.020198
0 0.543520 0.811622 0.016255 0.020914
0 0.622385 0.350101 0.026604 0.037565
0 0.874336 0.183947 0.027468 0.034289
0 0.421283 0.975583 0.022027 0.029153
0 0.808475 0.619105 0.024560 0.036065
0 0.633279 0.926524 0.016836 0.021294
0 0.800505 0.029913 0.026231 0.033973
0 0.388326 0.969131 0.023288 0.030617
0 0.769457 0.663400 0.016563 0.025286
0 0.739877 0.526558 0.015133 0.019265
0 0.741702 0.482071 0.023483 0.026237
0 0.621565 0.344798 0.031810 0.043229
0 0.286575 0.619845 0.018686 0.024865
0 0.043748 0.720920 0.033189 0.040290
0 0.825699 0.837803 0.018506 0.023564
0 0.385161 0.429976 0.016664 0.019868
0 0.583952 0.811068 0.014810 0.023720
0 0.532534 0.026014 0.040423 0.046553
0 0.797475 0.981282 0.023297 0.031187
0 0.385612 0.462407 0.016083 0.020753
0 0.841156 0.659989 0.018269 0.023516
0 0.411383 0.953658 0.019383 0.023526
0 0.465667 0.435003 0.016129 0.018621
0 0.637042 0.904970 0.017171 0.021425
0 0.021286 0.780439 0.025438 0.039012
0 0.487479 0.551476 0.016753 0.019722
0 0.437427 0.577502 0.014766 0.020754
0 0.426440 0.590996 0.016195 0.018750
0 0.536520 0.712157 0.016793 0.020528
0 0.829490 0.977530 0.023636 0.030199
0 0.753996 0.528151 0.015518 0.017065
0 0.387859 0.347318 0.019804 0.024632
0 0.755527 0.646208 0.018436 0.024143
0 0.492063 0.511507 0.015013 0.017788
0 0.367104 0.330999 0.027215 0.031083
0 0.609802 0.531241 0.012883 0.018494
0 0.932350 0.742005 0.022206 0.025575
0 0.627449 0.546327 0.022647 0.030403
0 0.780967 0.616748 0.019922 0.029420
0 0.555060 0.251437 0.022853 0.029123
0 0.069293 0.058616 0.032707 0.050507
0 0.812550 0.863939 0.022663 0.031928
0 0.545168 0.955283 0.025493 0.030611
0 0.346865 0.562108 0.011652 0.017324
0 0.515931 0.794592 0.014769 0.020498
0 0.490719 0.974531 0.029863 0.031990
0 0.102000 0.032315 0.020661 0.027457
0 0.598297 0.780397 0.020263 0.026351
0 0.049911 0.717993 0.035136 0.044406
0 0.296934 0.573149 0.016445 0.016988
0 0.812990 0.921738 0.025663 0.039046
0 0.322699 0.302477 0.022409 0.024519
0 0.903250 0.142396 0.028090 0.039190
0 0.700236 0.541571 0.020697 0.032623
0 0.503452 0.663759 0.017532 0.017031
0 0.379517 0.373998 0.017498 0.020190
0 0.499469 0.978226 0.021590 0.029186
0 0.742886 0.541885 0.015481 0.017254
0 0.420799 0.956526 0.019133 0.022056
0 0.571841 0.950464 0.023423 0.027462
0 0.589470 0.786666 0.016003 0.025789
0 0.358466 0.851555 0.014006 0.017631
0 0.328216 0.040900 0.024080 0.030863
0 0.665283 0.353548 0.019656 0.027281
0 0.797898 0.899846 0.028108 0.028905
0 0.366376 0.486323 0.016657 0.021164
0 0.614815 0.857087 0.015953 0.016228
0 0.561099 0.892178 0.021763 0.030250
0 0.093926 0.052785 0.027300 0.035498
0 0.558196 0.882162 0.023486 0.030217
0 0.788267 0.905200 0.026916 0.032180
0 0.288894 0.615778 0.018710 0.025852
0 0.829148 0.557170 0.013881 0.018362
0 0.635945 0.908016 0.017016 0.022249
0 0.421957 0.589035 0.015090 0.022702
0 0.599179 0.875294 0.017996 0.023604
0 0.415371 0.419312 0.014804 0.017467
0 0.617150 0.931203 0.019372 0.025988
0 0.673390 0.641769 0.017489 0.023242
0 0.845150 0.083836 0.016050 0.025395
0 0.631157 0.696417 0.016902 0.018366
0 0.824322 0.652366 0.017976 0.022782
0 0.707001 0.533670 0.015666 0.023243
0 0.416143 0.443611 0.012803 0.015326
0 0.776772 0.623605 0.022268 0.024649
0 0.510151 0.768204 0.013649 0.018350
0 0.869534 0.015152 0.020312 0.024449
0 0.495634 0.808112 0.012068 0.017024
0 0.884219 0.438272 0.034003 0.040379
0 0.644465 0.348278 0.027205 0.040082
0 0.748610 0.491983 0.018431 0.031511
0 0.506734 0.501509 0.018883 0.024857
0 0.504775 0.933073 0.019232 0.021849
0 0.564710 0.426843 0.021570 0.024948
0 0.523772 0.926918 0.020405 0.024558
0 0.342889 0.678551 0.033715 0.051426
0 0.831820 0.080387 0.016690 0.028532
0 0.548623 0.888113 0.018493 0.015748
0 0.637942 0.449897 0.016498 0.023868
0 0.410103 0.488246 0.013618 0.022710
0 0.359753 0.382012 0.023615 0.027741
0 0.362980 0.508673 0.019923 0.024755
0 0.589947 0.933612 0.018016 0.024794
0 0.784925 0.789546 0.017456 0.021464
0 0.553634 0.023440 0.040236 0.042517
0 0.527684 0.749958 0.023530 0.025364
0 0.386348 0.752208 0.019051 0.023817
0 0.338936 0.307915 0.022162 0.021535
0 0.736023 0.502335 0.022431 0.018168
0 0.587669 0.784750 0.014398 0.023020
0 0.388505 0.334551 0.017022 0.026056
0 0.912529 0.629970 0.024896 0.023897
0 0.750685 0.491833 0.019920 0.025091
0 0.777338 0.639245 0.024426 0.028914
0 0.323774 0.418450 0.017732 0.027661
0 0.627812 0.343922 0.024721 0.039951
0 0.022580 0.703552 0.024128 0.030852
0 0.646437 0.414094 0.023288 0.029258
0 0.415536 0.489556 0.016176 0.023644
0 0.584025 0.882375 0.020347 0.028496
0 0.562385 0.947193 0.024982 0.030856
0 0.854513 0.457842 0.025234 0.023305
0 0.612661 0.982501 0.019838 0.023930
0 0.565140 0.944128 0.018599 0.029897
0 0.508662 0.883211 0.029981 0.031843
0 0.622838 0.932849 0.017194 0.024707
0 0.283488 0.597764 0.018187 0.024312
0 0.804080 0.619221 0.027309 0.039053
0 0.545794 0.851239 0.027779 0.034673
0 0.633475 0.318053 0.022021 0.027027
0 0.533150 0.237191 0.017620 0.023320
0 0.587116 0.978944 0.018718 0.024185
0 0.787264 0.925248 0.027039 0.035944
0 0.783356 0.163295 0.014303 0.021189
0 0.602363 0.781997 0.020665 0.027779
